Epoch	AverageEpRet	StdEpRet	MaxEpRet	MinEpRet	EpLen	AverageVVals	StdVVals	MaxVVals	MinVVals	TotalEnvInteracts	LossPi	DeltaLossPi	LossV	DeltaLossV	EvalWin	EvalScore	Entropy	KL	ClipFrac	StopIter	Time
0	0.0	10.0	10.0	-10.0	22.267443	0.004239529	0.23018865	0.5269404	-0.52312016	4000	-0.10858517	-0.00318823	70.39216	-15.528636	0.012048192	0.012048192	1.0858517	0.0036798592	0.038788788	79.0	20.638327598571777
1	0.0	10.0	10.0	-10.0	23.473053	0.0052435566	4.087157	8.579299	-8.529157	8000	-0.108015716	-0.0018635379	56.392033	-0.9615205	0.012048192	0.012048192	1.0801572	0.0052245394	0.014952452	79.0	23.531050205230713
2	0.0	10.0	10.0	-10.0	20.744566	-0.0017244004	4.1680074	8.351509	-8.155474	12000	-0.107404135	-0.0014334122	54.268574	-0.88064003	0.012048192	0.012048192	1.0740414	0.0037601797	0.007924591	79.0	26.44341492652893
3	0.0	10.0	10.0	-10.0	23.679245	-0.002275046	4.2810445	8.727865	-8.739782	16000	-0.10610512	-0.0009018828	54.825287	-0.6215687	0.012048192	0.012048192	1.0610511	0.0012460029	0.005442943	79.0	29.245492219924927
4	0.0	10.0	10.0	-10.0	25.145695	-0.0009093776	3.940514	8.081182	-8.054407	20000	-0.10526163	-0.001107453	53.789967	-0.6889909	0.012048192	0.012048192	1.0526165	0.0022303173	0.0024024025	79.0	32.205437898635864
5	0.0	10.0	10.0	-10.0	27.119719	0.004617799	3.9920542	7.690214	-7.6453576	24000	-0.105228014	-0.002448678	53.333294	-0.772007	0.012048192	0.012048192	1.0522801	0.0033856034	0.0071738404	79.0	35.21203374862671
6	0.0	10.0	10.0	-10.0	28.407692	0.0062305536	3.9432645	7.208163	-7.2159863	28000	-0.10542492	-0.0028925873	53.0188	-0.90414304	0.012048192	0.012048192	1.0542492	0.0027597118	0.015158015	79.0	38.207075119018555
7	0.0	10.0	10.0	-10.0	31.336134	0.005440363	3.8106465	7.472647	-7.686147	32000	-0.10522774	-0.0032487884	52.167408	-1.3858	0.012048192	0.012048192	1.0522773	0.0015461255	0.01931619	79.0	41.259105920791626
8	0.0	10.0	10.0	-10.0	29.953846	-0.00074591365	3.8859994	10.235634	-10.026619	36000	-0.10475469	-0.0039786384	51.158085	-1.3594818	0.012048192	0.012048192	1.0475467	0.004430011	0.02405183	79.0	44.37907791137695
9	0.0	10.0	10.0	-10.0	29.875	-0.0053845798	3.823192	11.334441	-11.044904	40000	-0.10357831	-0.004601691	50.08769	-1.5730349	0.012048192	0.012048192	1.0357832	0.00360631	0.02837838	79.0	47.539326429367065
10	0.0	10.0	10.0	-10.0	37.833332	-0.0035778587	3.6965928	12.218412	-11.874868	44000	-0.10223778	-0.005063118	49.176086	-2.2398136	0.027108436	0.027108436	1.0223778	0.003725373	0.029154154	79.0	78.89979410171509
11	0.0	10.0	10.0	-10.0	43.38889	0.0014682707	3.6332107	11.816731	-11.405437	48000	-0.100824796	-0.005875816	47.80243	-3.4778824	0.027108436	0.027108436	1.0082479	0.0024899996	0.0323657	79.0	82.1261510848999
12	0.0	10.0	10.0	-10.0	46.963413	-0.0018614548	3.5887551	11.364574	-11.760776	52000	-0.09935268	-0.0064326166	44.945118	-3.763572	0.027108436	0.027108436	0.9935269	0.0034899798	0.036815662	79.0	85.36675691604614
13	0.0	10.0	10.0	-10.0	47.46154	-0.018626338	3.7426982	11.768177	-12.285889	56000	-0.09778115	-0.006526608	41.39403	-2.3970528	0.027108436	0.027108436	0.9778113	0.0013615265	0.038189974	79.0	88.61806273460388
14	0.0	10.0	10.0	-10.0	51.236843	-0.06500077	4.3355374	13.303022	-12.80549	60000	-0.09633269	-0.0060748844	39.585323	-0.9863682	0.027108436	0.027108436	0.96332693	0.0026770693	0.033174843	79.0	91.95015263557434
15	0.0	10.0	10.0	-10.0	53.014084	-0.03675106	4.560794	12.117292	-12.122087	64000	-0.095099755	-0.005753146	38.995945	-0.4472046	0.027108436	0.027108436	0.9509976	0.002324534	0.03228228	79.0	95.23603057861328
16	0.0	10.0	10.0	-10.0	66.350876	-0.027153533	4.4746428	12.984381	-12.695857	68000	-0.09389838	-0.0054032304	38.952435	-0.34721437	0.027108436	0.027108436	0.9389839	0.0008897989	0.030582054	79.0	98.54418730735779
17	0.0	10.0	10.0	-10.0	63.75862	0.006308804	4.359798	14.53059	-14.170668	72000	-0.09281512	-0.0050933696	38.90439	-0.30670357	0.027108436	0.027108436	0.92815113	0.0009237777	0.029105494	79.0	101.97144174575806
18	0.0	10.0	10.0	-10.0	58.4	-0.009221555	4.274152	13.528283	-12.995134	76000	-0.09175015	-0.004819747	38.836514	-0.29875565	0.027108436	0.027108436	0.91750145	0.0007590637	0.026868975	79.0	105.4383864402771
19	0.0	10.0	10.0	-10.0	63.16129	-0.0047894353	4.324319	13.127921	-13.741977	80000	-0.090622395	-0.0047289566	38.80115	-0.30925688	0.027108436	0.027108436	0.9062242	0.0014647963	0.024486989	79.0	108.95941162109375
20	0.0	10.0	10.0	-10.0	67.9434	-0.015802179	4.1461062	14.564861	-13.914963	84000	-0.08962059	-0.004547873	38.58595	-0.2949047	0.11746988	0.11746988	0.89620584	0.001509653	0.02274894	79.0	172.5203502178192
21	0.0	10.0	10.0	-10.0	74.708336	-0.0014768852	4.0291643	14.088727	-14.468346	88000	-0.08874924	-0.004535783	38.397846	-0.29897943	0.11746988	0.11746988	0.8874924	0.001971963	0.02195377	79.0	176.15772914886475
22	0.0	10.0	10.0	-10.0	73.2	0.040467545	4.023968	13.128267	-12.62191	92000	-0.08785347	-0.00444562	38.199337	-0.28348222	0.11746988	0.11746988	0.8785346	0.0002402015	0.02118967	79.0	179.8933825492859
23	0.0	10.0	10.0	-10.0	75.94118	-0.01885932	3.9165606	13.677435	-12.999492	96000	-0.08715401	-0.0043956614	37.97813	-0.27682558	0.11746988	0.11746988	0.87154025	0.00062108034	0.020296337	79.0	183.68412351608276
24	0.0	10.0	10.0	-10.0	73.40385	0.0068263006	3.8913136	13.696608	-12.933649	100000	-0.08658125	-0.004303822	37.73035	-0.24984805	0.11746988	0.11746988	0.8658127	0.00060043175	0.019304303	79.0	187.50776648521423
25	0.0	10.0	10.0	-10.0	69.32727	0.015159968	3.807607	13.545847	-12.784324	104000	-0.08591763	-0.0042723417	37.495426	-0.21492068	0.11746988	0.11746988	0.85917616	8.764021e-05	0.018970894	79.0	191.32147407531738
26	0.0	10.0	10.0	-10.0	92.025	0.013423469	3.6554487	13.338671	-13.016448	108000	-0.08526471	-0.004195232	37.222126	-0.1867377	0.11746988	0.11746988	0.85264724	0.0010776502	0.018634375	79.0	195.0876588821411
27	0.0	10.0	10.0	-10.0	81.152176	0.018959504	3.7397523	14.210183	-13.365475	112000	-0.084523566	-0.0041063353	36.992184	-0.17572086	0.11746988	0.11746988	0.84523565	0.0007356042	0.017852673	79.0	199.01837730407715
28	0.0	10.0	10.0	-10.0	97.60526	-0.010869091	3.502002	12.82398	-12.835319	116000	-0.083830215	-0.004074288	36.709183	-0.16462517	0.11746988	0.11746988	0.8383023	0.00084827904	0.018164717	79.0	202.90539979934692
29	0.0	10.0	10.0	-10.0	76.72	0.032955788	3.6610925	12.524245	-12.728885	120000	-0.08313391	-0.004041335	36.535126	-0.14561844	0.11746988	0.11746988	0.83133894	0.00066636543	0.018147314	79.0	206.84131455421448
30	0.0	10.0	10.0	-10.0	83.21429	-0.005695615	3.4848258	13.727643	-11.8052845	124000	-0.08237356	-0.0040064366	36.29399	-0.122245155	0.15963857	0.16014056	0.82373554	0.0014255374	0.017634569	79.0	278.3935327529907
31	0.0	10.0	10.0	-10.0	102.55556	0.033101603	3.2536857	11.951953	-11.8482685	128000	-0.081672065	-0.0039820075	36.047035	-0.104081474	0.15963857	0.16014056	0.8167205	0.00086931913	0.017885074	79.0	282.6508445739746
32	0.0	10.0	10.0	-10.0	102.333336	0.008590114	3.3717306	12.364395	-12.375428	132000	-0.08102212	-0.003922954	35.85383	-0.09288788	0.15963857	0.16014056	0.81022114	0.0014831695	0.01763506	79.0	287.01986932754517
33	0.0	10.0	10.0	-10.0	86.34884	0.0056595434	3.443051	12.905657	-12.076315	136000	-0.08044049	-0.003942821	35.691704	-0.08570417	0.15963857	0.16014056	0.8044049	0.0012980356	0.01832347	79.0	291.37182545661926
34	0.0	10.0	10.0	-10.0	97.46154	-0.0026231438	3.3530097	11.397894	-12.268107	140000	-0.079807095	-0.003923467	35.523117	-0.08005524	0.15963857	0.16014056	0.79807097	0.0008295321	0.01795367	79.0	295.92411184310913
35	0.0	10.0	10.0	-10.0	102.08572	0.002140023	3.1853728	11.265108	-11.102644	144000	-0.07915776	-0.0039109387	35.315125	-0.07649994	0.15963857	0.16014056	0.79157764	0.0004423737	0.018355161	79.0	300.61536741256714
36	0.0	10.0	10.0	-10.0	103.382355	0.0011484448	3.1881025	12.873288	-11.4480505	148000	-0.07853233	-0.0038850035	35.10742	-0.07765325	0.15963857	0.16014056	0.7853233	0.0008733184	0.018420449	79.0	305.1494119167328
37	0.0	10.0	10.0	-10.0	124.62963	-0.006726984	3.1328726	11.56147	-12.035513	152000	-0.077915646	-0.0038455091	34.82428	-0.07464854	0.15963857	0.16014056	0.7791565	0.00077099615	0.01905524	79.0	309.884521484375
38	0.0	10.0	10.0	-10.0	117.89655	0.0039025117	3.1960444	10.983447	-11.784147	156000	-0.07722523	-0.0037930186	34.605324	-0.07309469	0.15963857	0.16014056	0.77225226	0.0007784581	0.01863402	79.0	314.6076729297638
39	0.0	10.0	10.0	-10.0	134.56	-0.005371473	2.9605443	10.874703	-11.073119	160000	-0.07653383	-0.003829437	34.323025	-0.07626025	0.15963857	0.16014056	0.7653381	0.00039071098	0.019394394	79.0	319.3260123729706
40	0.0	10.0	10.0	-10.0	115.413795	-0.005909187	2.898684	10.641228	-11.348346	164000	-0.075824626	-0.003820428	34.107246	-0.078720726	0.2881526	0.29367468	0.7582461	0.00014293342	0.019333357	79.0	414.7723000049591
41	0.0	10.0	10.0	-10.0	107.40625	0.00502176	2.826065	12.21311	-10.781122	168000	-0.07508481	-0.0038276885	33.86311	-0.086610794	0.2881526	0.29367468	0.7508481	0.0007996716	0.019567186	79.0	419.72069549560547
42	0.0	10.0	10.0	-10.0	133.33333	0.0050424263	2.7896934	10.954838	-11.450034	172000	-0.07435372	-0.0038472998	33.60555	-0.10926183	0.2881526	0.29367468	0.7435371	-5.7380257e-05	0.019580627	79.0	424.6556761264801
43	0.0	10.0	10.0	-10.0	135.22223	-0.029052662	2.8630528	11.556528	-13.13863	176000	-0.0736428	-0.0038044974	33.353928	-0.12943585	0.2881526	0.29367468	0.73642796	0.0004659492	0.019493924	79.0	429.70472741127014
44	0.0	10.0	10.0	-10.0	108.58064	0.029808324	2.8272681	11.347498	-12.107968	180000	-0.07292534	-0.003866485	33.035713	-0.14215915	0.2881526	0.29367468	0.72925353	0.0016406891	0.02057613	79.0	434.7497274875641
45	0.0	10.0	10.0	-10.0	136.55556	-0.010048073	2.760555	10.914693	-12.010358	184000	-0.07215433	-0.0038768202	32.746983	-0.1495107	0.2881526	0.29367468	0.72154325	0.00042107678	0.021108063	79.0	439.84940910339355
46	0.0	10.0	10.0	-10.0	117.4	0.0026653728	2.720589	11.042195	-11.724731	188000	-0.07137388	-0.0038908385	32.45657	-0.14389102	0.2881526	0.29367468	0.7137389	0.00024507835	0.021148808	79.0	445.1170029640198
47	0.0	10.0	10.0	-10.0	127.48148	0.008541936	2.6485686	11.64991	-11.654065	192000	-0.07059145	-0.0039010942	32.14193	-0.13289578	0.2881526	0.29367468	0.7059145	0.0005758019	0.020742098	79.0	450.4437372684479
48	0.0	10.0	10.0	-10.0	165.4762	0.024998657	2.54511	11.388445	-12.027659	196000	-0.0698762	-0.003961069	31.758585	-0.118909836	0.2881526	0.29367468	0.698762	0.00033304104	0.02106443	79.0	455.75147247314453
49	0.0	10.0	10.0	-10.0	162.95653	0.00042148394	2.7473145	12.40666	-13.179547	200000	-0.06916555	-0.0039742417	31.437998	-0.10639826	0.2881526	0.29367468	0.69165546	0.00072613126	0.021181181	79.0	461.0602295398712
50	0.0	10.0	10.0	-10.0	143.875	-0.005386958	2.767279	11.470919	-12.330157	204000	-0.06845896	-0.0040083877	31.174864	-0.090325035	0.43473896	0.45783135	0.6845896	0.00040582148	0.02138413	79.0	583.8323991298676
51	0.0	10.0	10.0	-10.0	134.56	-0.008319862	2.8162448	11.460456	-11.3922	208000	-0.067732394	-0.0040174634	30.920242	-0.079743065	0.43473896	0.45783135	0.6773239	0.0004311914	0.021037864	79.0	589.1262900829315
52	0.0	10.0	10.0	-10.0	158.2	0.0012059278	2.6587224	11.544665	-11.964176	212000	-0.06710532	-0.004040076	30.587652	-0.07135073	0.43473896	0.45783135	0.6710532	0.0006775325	0.020815628	79.0	594.4398808479309
53	0.0	10.0	10.0	-10.0	156.81818	0.0112478575	2.6938074	11.8784485	-13.911189	216000	-0.06652912	-0.0040450967	30.310236	-0.06663799	0.43473896	0.45783135	0.665291	0.00040024487	0.02093297	79.0	599.8558323383331
54	0.0	10.0	10.0	-10.0	140.28	0.03152696	2.6707733	11.131429	-12.352928	220000	-0.06597086	-0.004084442	30.120157	-0.062220257	0.43473896	0.45783135	0.6597087	0.00021372114	0.021232596	79.0	605.3342118263245
55	0.0	10.0	10.0	-10.0	151.45454	0.0039499053	2.7390811	12.4429245	-12.318831	224000	-0.06542056	-0.004064873	29.904467	-0.058194797	0.43473896	0.45783135	0.65420556	0.00073564146	0.021018786	79.0	610.8663156032562
56	0.0	10.0	10.0	-10.0	192.57895	0.018732753	2.6288626	12.221925	-13.188018	228000	-0.06491817	-0.004063902	29.66835	-0.054456394	0.43473896	0.45783135	0.64918166	0.0001310026	0.020445885	79.0	616.4079740047455
57	0.0	10.0	10.0	-10.0	138.625	0.0017383347	2.5726845	11.426832	-12.051938	232000	-0.064464085	-0.004059954	29.473799	-0.051113445	0.43473896	0.45783135	0.64464086	0.0009518606	0.020246537	79.0	622.0281631946564
58	0.0	10.0	10.0	-10.0	130.57143	-0.023102164	3.1448717	11.937294	-12.78357	236000	-0.06397676	-0.0040629446	29.342245	-0.047204018	0.43473896	0.45783135	0.63976747	0.00010024859	0.020291477	79.0	627.7399244308472
59	0.0	10.0	10.0	-10.0	154.5	-0.024666622	2.693718	11.377479	-12.858059	240000	-0.06349032	-0.004063852	29.169348	-0.043637592	0.43473896	0.45783135	0.6349031	-7.132856e-05	0.020222306	79.0	633.5996177196503
60	0.0	10.0	10.0	-10.0	135.42308	-0.008288203	2.9180205	11.471186	-12.010442	244000	-0.063069	-0.004032321	29.004076	-0.037929535	0.47088352	0.50853413	0.63069004	1.692022e-05	0.019927716	79.0	767.9158120155334
61	0.0	10.0	10.0	-10.0	140.24	0.04264865	2.7540789	11.2625675	-11.821575	248000	-0.06258542	-0.0040622302	28.876244	-0.040738106	0.47088352	0.50853413	0.6258541	0.00014779405	0.020589137	79.0	773.9317579269409
62	0.0	10.0	10.0	-10.0	149.33333	-0.013667951	3.0555184	12.543968	-13.039898	252000	-0.0621507	-0.004020687	28.751694	-0.036575317	0.47088352	0.50853413	0.62150687	0.0006500594	0.020107409	79.0	779.9434387683868
63	0.0	10.0	10.0	-10.0	193.05556	-0.026596015	2.8241918	12.557226	-12.59459	256000	-0.06176002	-0.0040276125	28.551031	-0.033843994	0.47088352	0.50853413	0.61760026	0.0010148248	0.01991249	79.0	786.0594148635864
64	0.0	10.0	10.0	-10.0	155.45	-0.038514234	2.86051	11.3935175	-11.510507	260000	-0.061373483	-0.0039842	28.37787	-0.032262802	0.47088352	0.50853413	0.6137348	0.0001267175	0.019532995	79.0	792.0498342514038
65	0.0	10.0	10.0	-10.0	154.31818	0.0021185263	2.7373416	11.232392	-12.011012	264000	-0.06092686	-0.00399652	28.162676	-0.031393368	0.47088352	0.50853413	0.6092684	-9.425735e-05	0.020340417	79.0	798.1263248920441
66	0.0	10.0	10.0	-10.0	137.625	0.00036639662	2.7929623	11.247794	-12.33245	268000	-0.060429845	-0.00396652	28.004435	-0.029554049	0.47088352	0.50853413	0.6042985	0.00034092052	0.019896762	79.0	804.2081062793732
67	0.0	10.0	10.0	-10.0	149.0	-0.0064551705	2.959179	12.113501	-13.450154	272000	-0.060004633	-0.0039459616	27.864458	-0.028601965	0.47088352	0.50853413	0.60004634	0.0006571025	0.019876493	79.0	810.3751213550568
68	0.0	10.0	10.0	-10.0	113.5	-0.00035023713	2.718298	12.085922	-12.270378	276000	-0.05953371	-0.003941378	27.82133	-0.02780819	0.47088352	0.50853413	0.5953371	0.0003756016	0.02003634	79.0	816.577752828598
69	0.0	10.0	10.0	-10.0	124.333336	-0.02247223	2.7607908	11.463118	-11.847418	280000	-0.059166584	-0.0039093425	27.70629	-0.027296066	0.47088352	0.50853413	0.5916659	0.00043501353	0.019975333	79.0	822.86878657341
70	0.0	10.0	10.0	-10.0	137.7619	-0.015611675	2.866562	11.803898	-12.900131	284000	-0.058764298	-0.0039001394	27.557535	-0.026288986	0.51506025	0.562751	0.5876429	0.00042331184	0.019768007	79.0	963.3478338718414
71	0.0	10.0	10.0	-10.0	131.0	-0.011970144	2.8282366	11.780951	-11.900963	288000	-0.05836183	-0.0038832158	27.394028	-0.026039442	0.51506025	0.562751	0.5836182	0.0007151842	0.019708944	79.0	969.6684584617615
72	0.0	10.0	10.0	-10.0	202.72223	0.005612025	2.4991624	11.406636	-12.190762	292000	-0.057954166	-0.0038689177	27.242113	-0.023495993	0.51506025	0.562751	0.5795416	0.00017629338	0.019368684	79.0	975.8281486034393
73	0.0	10.0	10.0	-10.0	141.13637	-0.037547115	2.580835	11.0677595	-12.212466	296000	-0.057571705	-0.0038876075	27.108109	-0.026262283	0.51506025	0.562751	0.5757171	-1.2861022e-05	0.019370722	79.0	982.3693251609802
74	0.0	10.0	10.0	-10.0	161.86363	0.010446316	2.6124604	11.7880335	-11.927026	300000	-0.057312	-0.0038635388	26.981176	-0.02526792	0.51506025	0.562751	0.57312	0.00023192055	0.01902903	79.0	988.6786482334137
75	0.0	10.0	10.0	-10.0	145.40909	0.00325196	2.6276724	13.020466	-12.086447	304000	-0.05687648	-0.0038260228	26.836563	-0.023795763	0.51506025	0.562751	0.56876475	0.00021975795	0.019007495	79.0	995.3602075576782
76	0.0	10.0	10.0	-10.0	183.42105	0.0005552907	2.5011945	12.578445	-13.068663	308000	-0.0564639	-0.0038360201	26.703234	-0.02392292	0.51506025	0.562751	0.564639	0.00039891945	0.018347895	79.0	1002.021253824234
77	0.0	10.0	10.0	-10.0	160.26086	-0.013029539	2.655596	12.973382	-12.977535	312000	-0.056124806	-0.0038001295	26.60224	-0.022901854	0.51506025	0.562751	0.5612481	-3.1517604e-06	0.018425478	79.0	1008.8120193481445
78	0.0	10.0	10.0	-10.0	153.66667	0.010921031	2.4004066	11.006622	-11.485912	316000	-0.05575714	-0.0037835941	26.488333	-0.023053488	0.51506025	0.562751	0.55757135	0.00029529014	0.01851535	79.0	1015.6357519626617
79	0.0	10.0	10.0	-10.0	150.19048	-0.011479714	2.537428	11.529335	-11.633775	320000	-0.055390302	-0.0037864025	26.388124	-0.020978928	0.51506025	0.562751	0.55390304	0.0004487501	0.01790697	79.0	1022.6257674694061
80	0.0	10.0	10.0	-10.0	129.14815	-0.005777996	2.8359056	11.34639	-11.793344	324000	-0.05507706	-0.0037551268	26.346884	-0.012301127	0.47791162	0.54066265	0.5507707	9.353601e-05	0.017806387	79.0	1172.0483090877533
81	0.0	10.0	10.0	-10.0	145.77272	-0.09501769	2.3198135	11.22948	-11.761502	328000	-0.054756	-0.003785337	26.227	-0.02739779	0.47791162	0.54066265	0.54755986	1.0118393e-05	0.017717412	79.0	1179.1634588241577
82	0.0	10.0	10.0	-10.0	172.61111	-0.010712572	2.5489926	11.587715	-12.178498	332000	-0.05459428	-0.0037232072	26.084421	-0.015539169	0.47791162	0.54066265	0.5459428	0.0008226132	0.017936612	79.0	1186.0042161941528
83	0.0	10.0	10.0	-10.0	172.3158	-0.027003558	2.5820436	12.24323	-12.822986	336000	-0.054179594	-0.0036919296	25.960947	-0.021286964	0.47791162	0.54066265	0.54179597	0.00028759474	0.01823699	79.0	1192.9647598266602
84	0.0	10.0	10.0	-10.0	179.16667	0.025237177	2.5548673	12.370575	-12.321078	340000	-0.05375124	-0.0037096918	25.82605	-0.018078804	0.47791162	0.54066265	0.53751236	0.00021403446	0.017870812	79.0	1200.0740299224854
85	0.0	10.0	10.0	-10.0	183.22223	0.0023507155	2.4912415	11.6740465	-11.403384	344000	-0.05341931	-0.0037086986	25.690489	-0.018187204	0.47791162	0.54066265	0.5341931	7.974478e-05	0.01798019	79.0	1207.0039584636688
86	0.0	10.0	10.0	-10.0	124.69231	0.00019278779	3.0093853	11.408929	-12.89992	348000	-0.05307762	-0.0036817074	25.586126	-0.018139204	0.47791162	0.54066265	0.5307761	0.00048053786	0.017697295	79.0	1214.2241079807281
87	0.0	10.0	10.0	-10.0	118.64286	-0.020680143	2.469094	11.786343	-12.350342	352000	-0.052645206	-0.00366106	25.519028	-0.017043114	0.47791162	0.54066265	0.52645206	0.00054710876	0.017382437	79.0	1221.311917066574
88	0.0	10.0	10.0	-10.0	140.29167	-0.011156814	2.9136984	10.939827	-12.495738	356000	-0.052307505	-0.0036472883	25.42742	-0.016701063	0.47791162	0.54066265	0.52307504	-5.5240034e-05	0.017518923	79.0	1228.5732762813568
89	0.0	10.0	10.0	-10.0	132.28	0.011507634	2.7851727	12.757982	-12.741066	360000	-0.05194619	-0.0036437355	25.34282	-0.014783859	0.47791162	0.54066265	0.5194618	0.00035807941	0.017142141	79.0	1236.0789804458618
90	0.0	10.0	10.0	-10.0	168.19048	0.027468285	2.7552738	12.729276	-12.6842985	364000	-0.05160414	-0.0036512215	25.254034	-0.017922401	0.5481928	0.6189759	0.51604134	-5.1379422e-05	0.017194392	79.0	1392.4459311962128
91	0.0	10.0	10.0	-10.0	135.90909	0.0013184795	2.4107757	11.450352	-11.974705	368000	-0.051209986	-0.0036241226	25.169243	-0.015638033	0.5481928	0.6189759	0.5120998	0.0006483694	0.017267266	79.0	1399.891680240631
92	0.0	10.0	10.0	-10.0	131.68	-0.010212761	2.7802217	12.873624	-12.172167	372000	-0.050890446	-0.0036178175	25.093842	-0.015461922	0.5481928	0.6189759	0.5089044	0.00045723064	0.01696051	79.0	1407.2830228805542
93	0.0	10.0	10.0	-10.0	158.05263	0.010621675	2.504882	13.583264	-11.694385	376000	-0.05058016	-0.0036160846	24.98049	-0.015059154	0.5481928	0.6189759	0.5058016	3.008525e-05	0.017087566	79.0	1414.7403538227081
94	0.0	10.0	10.0	-10.0	158.04347	-0.003626145	2.8666003	14.569728	-12.566889	380000	-0.050201077	-0.003594879	24.907679	-0.014969826	0.5481928	0.6189759	0.50201076	5.6536246e-05	0.017148728	79.0	1422.3567543029785
95	0.0	10.0	10.0	-10.0	137.0	-0.006193877	2.653537	11.585508	-11.772794	384000	-0.049838047	-0.0035893812	24.826082	-0.014405568	0.5481928	0.6189759	0.49838054	0.00035709792	0.017303763	79.0	1430.247430562973
96	0.0	10.0	10.0	-10.0	165.61905	0.0046260054	2.9133625	12.3388815	-13.625003	388000	-0.0495197	-0.0035805851	24.74698	-0.013963699	0.5481928	0.6189759	0.49519697	0.00027583257	0.017242758	79.0	1437.8859584331512
97	0.0	10.0	10.0	-10.0	192.66667	-0.0048970045	2.7233057	13.76764	-12.198716	392000	-0.049187806	-0.0035813593	24.64891	-0.013253848	0.5481928	0.6189759	0.49187806	0.00031201134	0.01723407	79.0	1445.88955950737
98	0.0	10.0	10.0	-10.0	169.89473	-0.032578662	2.491237	11.92319	-12.710048	396000	-0.048861872	-0.0035621952	24.572577	-0.010471026	0.5481928	0.6189759	0.48861885	0.00017215054	0.017062517	79.0	1453.4201834201813
99	0.0	10.0	10.0	-10.0	131.57692	-0.055892102	2.639611	13.042667	-11.930815	400000	-0.04855235	-0.0035774831	24.526442	-0.014963786	0.5481928	0.6189759	0.48552343	2.063333e-05	0.016845597	79.0	1461.389931678772
100	0.0	10.0	10.0	-10.0	166.27777	-0.0057975994	2.3714457	12.253428	-12.446499	404000	-0.0483343	-0.003568668	24.433699	-0.012736638	0.5461847	0.6375502	0.48334315	0.000542757	0.01727222	79.0	1630.5485954284668
101	0.0	10.0	10.0	-10.0	143.04167	-0.0027213413	3.0673637	12.280956	-12.633886	408000	-0.047964547	-0.0035536655	24.389761	-0.011720975	0.5461847	0.6375502	0.47964552	9.356857e-06	0.016783942	79.0	1638.2882521152496
102	0.0	9.682458	10.0	-10.0	212.5625	-0.0041929553	2.5925233	14.701451	-12.557329	412000	-0.04764839	-0.0035523672	24.262453	-0.011445363	0.5461847	0.6375502	0.47648403	0.00011862354	0.016787417	79.0	1646.3156807422638
103	0.0	10.0	10.0	-10.0	157.42105	0.0075770817	2.5413563	12.1192465	-11.925902	416000	-0.04732134	-0.0035434149	24.167252	-0.010826111	0.5461847	0.6375502	0.47321343	0.00015646136	0.016573064	79.0	1653.978117465973
104	0.0	10.0	10.0	-10.0	154.82608	-0.025151534	2.5227165	11.521159	-11.809701	420000	-0.04700066	-0.003535393	24.116652	-0.007244428	0.5461847	0.6375502	0.4700066	-2.5031448e-05	0.016621383	79.0	1662.1186530590057
105	0.0	10.0	10.0	-10.0	149.39131	-0.06202172	2.8372955	11.834157	-13.608371	424000	-0.04667219	-0.0035430964	24.074326	-0.014678001	0.5461847	0.6375502	0.46672177	0.00036094803	0.015685497	79.0	1670.314521074295
106	0.0	10.0	10.0	-10.0	173.7619	-0.0029408906	2.6471887	12.618163	-12.450496	428000	-0.046532374	-0.003513867	24.016829	-0.010331154	0.5461847	0.6375502	0.4653237	0.00013370517	0.016405424	79.0	1678.5457139015198
107	0.0	10.0	10.0	-10.0	179.17647	-0.015309757	2.0988796	12.055238	-12.113771	432000	-0.046217293	-0.0035023938	23.942146	-0.009720802	0.5461847	0.6375502	0.46217287	0.00027997408	0.016367061	79.0	1686.9328031539917
108	0.0	10.0	10.0	-10.0	153.54546	0.00020686451	2.7575026	12.566906	-12.325268	436000	-0.04591581	-0.00350616	23.87703	-0.008509318	0.5461847	0.6375502	0.4591581	0.00022037397	0.016149176	79.0	1695.345981836319
109	0.0	10.0	10.0	-10.0	143.5	-0.031844016	2.4744673	11.4623995	-13.225611	440000	-0.045624446	-0.0034994364	23.813133	-0.004855156	0.5461847	0.6375502	0.45624447	0.0003595616	0.01535854	79.0	1703.4639687538147
110	0.0	10.0	10.0	-10.0	158.30435	-0.08231857	2.874725	12.531916	-12.746164	444000	-0.04546933	-0.0034699943	23.770845	-0.016127905	0.55421686	0.6571285	0.4546934	0.0006056285	0.015275411	79.0	1876.6304721832275
111	0.0	10.0	10.0	-10.0	190.6842	-0.007667576	2.6202836	13.121895	-12.589954	448000	-0.04523773	-0.0034834594	23.69987	-0.009548823	0.55421686	0.6571285	0.45237735	0.0004011369	0.01568868	79.0	1885.0265638828278
112	0.0	10.0	10.0	-10.0	136.52	-0.0026570072	2.9353101	12.952101	-12.177616	452000	-0.044941526	-0.0034768619	23.675676	-0.009376208	0.55421686	0.6571285	0.44941512	-5.4072996e-05	0.01577684	79.0	1893.7087063789368
113	0.0	10.0	10.0	-10.0	141.6842	-0.016311025	2.736737	11.63552	-12.401509	456000	-0.044672783	-0.003476495	23.607826	-0.008986791	0.55421686	0.6571285	0.44672784	0.00037799324	0.015898574	79.0	1902.4616339206696
114	0.0	10.0	10.0	-10.0	165.0	0.006487178	2.5698314	13.312201	-13.086285	460000	-0.044406142	-0.0034884277	23.5344	-0.008827846	0.55421686	0.6571285	0.4440615	0.00042345226	0.015838666	79.0	1911.119903087616
115	0.0	10.0	10.0	-10.0	136.39131	0.006128171	2.7572467	12.505846	-13.742667	464000	-0.044128835	-0.0034890615	23.482058	-0.008922577	0.55421686	0.6571285	0.44128832	2.4046181e-05	0.015962081	79.0	1920.1628112792969
116	0.0	10.0	10.0	-10.0	140.69565	-0.020431789	2.9058444	13.121617	-13.720927	468000	-0.043859903	-0.0034824752	23.41614	-0.0088377	0.55421686	0.6571285	0.43859887	0.00030272067	0.01568342	79.0	1929.1440711021423
117	0.0	10.0	10.0	-10.0	115.42308	-0.00052829896	2.9059708	12.2597	-12.241121	472000	-0.043583345	-0.0034792218	23.382078	-0.00756073	0.55421686	0.6571285	0.43583348	0.00034193927	0.01585908	79.0	1938.168802022934
118	0.0	10.0	10.0	-10.0	156.22728	0.027714238	2.8735647	12.838084	-12.916648	476000	-0.043320466	-0.0034858591	23.341028	-0.010053317	0.55421686	0.6571285	0.43320465	0.0005107015	0.015869861	79.0	1946.7162072658539
119	0.0	10.0	10.0	-10.0	124.44	-0.013384559	2.6812437	12.59682	-13.28541	480000	-0.043069303	-0.0034706488	23.305937	-0.008865993	0.55421686	0.6571285	0.43069312	0.00033422105	0.015767852	79.0	1955.6371219158173
120	0.0	10.0	10.0	-10.0	145.17392	-0.010325964	2.7988877	12.259793	-13.127533	484000	-0.042831425	-0.0034708332	23.272207	-0.008613269	0.561245	0.6671687	0.4283142	8.474079e-05	0.015959142	79.0	2134.1882741451263
121	0.0	10.0	10.0	-10.0	125.40741	-0.0062141907	3.1795242	12.105942	-11.96925	488000	-0.04256944	-0.0034690518	23.26362	-0.008909862	0.561245	0.6671687	0.4256942	-3.5508147e-05	0.016166782	79.0	2143.0866277217865
122	0.0	10.0	10.0	-10.0	129.88889	-0.005169186	2.9124599	12.927895	-12.058456	492000	-0.042303547	-0.0034475613	23.24674	-0.008483251	0.561245	0.6671687	0.42303553	4.629673e-05	0.015781024	79.0	2152.122013568878
123	0.0	10.0	10.0	-10.0	167.22728	-0.01750476	2.8012516	12.177154	-12.426109	496000	-0.042053983	-0.0034427226	23.190126	-0.008524259	0.561245	0.6671687	0.42053995	0.00020895452	0.015802093	79.0	2161.5312464237213
124	0.0	10.0	10.0	-10.0	116.55556	-0.0037871762	2.9056509	12.804776	-12.697431	500000	-0.04180177	-0.003442935	23.19533	-0.008749962	0.561245	0.6671687	0.41801766	0.00036207188	0.015937937	79.0	2171.127657175064
125	0.0	10.0	10.0	-10.0	172.2	-0.00021082348	2.6944108	12.623063	-11.831718	504000	-0.041556757	-0.0034345326	23.145584	-0.008644104	0.561245	0.6671687	0.41556764	-0.00019541495	0.015838258	79.0	2180.862692117691
126	0.0	10.0	10.0	-10.0	156.25	-0.019674256	2.705902	12.478304	-13.474974	508000	-0.04132506	-0.0034298506	23.080652	-0.00853157	0.561245	0.6671687	0.41325048	-0.00015784548	0.015885966	79.0	2189.9637508392334
127	0.0	10.0	10.0	-10.0	178.11111	-0.0045335204	2.7990067	11.543839	-12.81325	512000	-0.041078076	-0.003429436	23.026098	-0.008396785	0.561245	0.6671687	0.41078076	-0.00010907706	0.015805846	79.0	2199.463521003723
128	0.0	10.0	10.0	-10.0	125.39286	-0.0019002749	2.8264232	11.830899	-12.36882	516000	-0.040834364	-0.0034339118	23.006866	-0.008645058	0.561245	0.6671687	0.40834364	0.00035988164	0.015966548	79.0	2208.7939064502716
129	0.0	10.0	10.0	-10.0	177.3158	0.014930675	2.685232	12.088868	-13.139082	520000	-0.04058902	-0.003422567	22.942095	-0.008454959	0.561245	0.6671687	0.40589026	9.695271e-05	0.015580966	79.0	2218.3285207748413
130	0.0	10.0	10.0	-10.0	178.76471	-0.010572976	2.4707341	12.522651	-13.216033	524000	-0.04033102	-0.0034158255	22.868876	-0.008327802	0.55020076	0.6601406	0.4033103	-4.1639058e-05	0.015473489	79.0	2398.272996902466
131	0.0	10.0	10.0	-10.0	165.0	-0.023514625	2.6628141	12.301985	-12.984626	528000	-0.040073242	-0.0034090888	22.812105	-0.0083049135	0.55020076	0.6601406	0.40073237	0.0004575937	0.015442525	79.0	2407.718826532364
132	0.0	10.0	10.0	-10.0	181.0	-0.020630663	2.699583	11.731567	-12.134939	532000	-0.039829236	-0.0034109813	22.767763	-0.008515676	0.55020076	0.6601406	0.3982923	0.00012202404	0.015493877	79.0	2417.0884640216827
133	0.0	10.0	10.0	-10.0	146.5	-0.010690989	2.390957	12.209286	-12.692493	536000	-0.039578687	-0.0034059596	22.708374	-0.008355777	0.55020076	0.6601406	0.3957868	0.00017810245	0.015564072	79.0	2427.279473543167
134	0.0	10.0	10.0	-10.0	167.90475	-0.009244271	2.6157703	12.0235405	-12.097841	540000	-0.039341297	-0.0034008652	22.670105	-0.008352916	0.55020076	0.6601406	0.39341295	0.00028525628	0.015400586	79.0	2436.9157226085663
135	0.0	10.0	10.0	-10.0	134.0	-0.014110529	2.792442	12.153522	-11.865586	544000	-0.03909881	-0.0033918228	22.658096	-0.008375485	0.55020076	0.6601406	0.39098823	0.00018432234	0.015429952	79.0	2447.2048399448395
136	0.0	10.0	10.0	-10.0	131.52	0.00262659	2.9422207	12.709725	-12.723682	548000	-0.038870152	-0.0033901173	22.610931	-0.008142154	0.55020076	0.6601406	0.38870153	8.839226e-06	0.015247912	79.0	2457.316153526306
137	0.0	10.0	10.0	-10.0	172.89473	-0.024945814	2.6006727	11.973227	-12.278706	552000	-0.038621623	-0.0033871916	22.546774	-0.008404414	0.55020076	0.6601406	0.3862163	4.16408e-05	0.015182756	79.0	2467.671012401581
138	0.0	10.0	10.0	-10.0	170.2381	-0.017652616	2.8201623	12.936603	-12.502925	556000	-0.03837829	-0.0033714566	22.500479	-0.007604281	0.55020076	0.6601406	0.38378295	7.961143e-05	0.015029418	79.0	2477.7358462810516
139	0.0	10.0	10.0	-10.0	187.27777	0.0048077204	2.6453412	12.073156	-12.461063	560000	-0.0381626	-0.0033840325	22.43902	-0.008905728	0.55020076	0.6601406	0.38162604	9.2006194e-05	0.015319784	79.0	2488.112648010254
140	0.0	10.0	10.0	-10.0	141.36363	-0.017650537	2.7465694	13.594729	-12.378943	564000	-0.037924245	-0.003354298	22.408468	-0.008206685	0.55923694	0.6716868	0.37924254	-9.536425e-05	0.014992829	79.0	2672.26353931427
141	0.0	10.0	10.0	-10.0	187.21053	0.015489821	2.8628905	11.358673	-13.471539	568000	-0.037699606	-0.003347236	22.372004	-0.008264224	0.55923694	0.6716868	0.37699604	0.00032454464	0.014918968	79.0	2682.8729977607727
142	0.0	10.0	10.0	-10.0	158.59091	-0.002931875	2.6670103	12.910284	-13.064888	572000	-0.037466634	-0.0033454075	22.317476	-0.0081106825	0.55923694	0.6716868	0.37466645	0.00056208344	0.014922265	79.0	2692.843296766281
143	0.0	10.0	10.0	-10.0	193.72223	-0.0035408176	2.3990808	13.545367	-12.532943	576000	-0.03724532	-0.0033367164	22.254934	-0.007938385	0.55923694	0.6716868	0.3724532	0.0005152197	0.014862952	79.0	2703.0635957717896
144	0.0	10.0	10.0	-10.0	164.43478	-0.002823381	2.6395273	13.200565	-11.556476	580000	-0.037023816	-0.0033365258	22.214727	-0.0078023276	0.55923694	0.6716868	0.3702381	0.0002283532	0.014939077	79.0	2713.722510099411
145	0.0	10.0	10.0	-10.0	173.6842	-0.017467521	2.5756104	12.210128	-12.436708	584000	-0.0367835	-0.0033252642	22.155594	-0.0075626373	0.55923694	0.6716868	0.36783496	0.00011780466	0.014737341	79.0	2724.7449374198914
146	0.0	10.0	10.0	-10.0	172.57895	-0.010960782	2.6303341	13.390357	-12.088995	588000	-0.036557153	-0.0033183794	22.119776	-0.0073391595	0.55923694	0.6716868	0.36557147	-9.6560914e-05	0.014508557	79.0	2735.288698911667
147	0.0	10.0	10.0	-10.0	164.04762	-0.0075142053	2.6952422	12.8370285	-13.561998	592000	-0.036342125	-0.0033233736	22.078016	-0.0072695413	0.55923694	0.6716868	0.36342117	0.00026284365	0.0145407235	79.0	2746.0721979141235
148	0.0	10.0	10.0	-10.0	163.22728	-0.014157474	2.6124802	11.807513	-13.06791	596000	-0.036124192	-0.0033152767	22.04151	-0.0071468353	0.55923694	0.6716868	0.36124197	-5.905007e-06	0.014642999	79.0	2756.230409145355
149	0.0	10.0	10.0	-10.0	159.71428	-0.021316355	3.0830553	12.004042	-12.125485	600000	-0.035895754	-0.0033123456	21.999445	-0.0071372986	0.55923694	0.6716868	0.35895762	0.00017910775	0.014598765	79.0	2767.509989500046
150	0.0	10.0	10.0	-10.0	167.85715	-0.012017165	3.011505	12.140902	-12.549374	604000	-0.035676043	-0.003303773	21.956373	-0.0064808526	0.51506025	0.6531125	0.35676038	0.00022964855	0.014611465	79.0	2959.526999473572
151	0.0	10.0	10.0	-10.0	139.38461	-0.026197618	2.7629554	12.965571	-12.8292055	608000	-0.035465907	-0.00332299	21.931635	-0.007382393	0.51506025	0.6531125	0.35465908	0.00010550554	0.015201057	79.0	2969.7854957580566
152	0.0	10.0	10.0	-10.0	197.52942	-0.012319532	2.4914124	13.5136175	-13.000673	612000	-0.03524776	-0.0032936335	21.877798	-0.0013678869	0.51506025	0.6531125	0.35247764	9.503164e-05	0.014636368	79.0	2980.915681362152
153	0.0	10.0	10.0	-10.0	138.08696	0.053975437	2.8126087	12.196451	-13.071523	616000	-0.03503433	-0.0033354883	21.849714	-0.012506803	0.51506025	0.6531125	0.35034338	-0.00030068876	0.015149078	79.0	2991.9709866046906
154	0.0	10.0	10.0	-10.0	155.52632	-0.0152443545	2.6850452	12.011804	-13.916467	620000	-0.034864984	-0.0032838471	21.800339	-0.006189982	0.51506025	0.6531125	0.34864977	0.00021628659	0.014441053	79.0	3002.7836067676544
155	0.0	10.0	10.0	-10.0	184.0	-0.04475264	2.4083424	12.882347	-12.434076	624000	-0.03465539	-0.0032762692	21.746767	-0.007447561	0.51506025	0.6531125	0.34655395	-4.7278503e-05	0.014451952	79.0	3013.4789884090424
156	0.0	10.0	10.0	-10.0	155.6842	-0.029261978	2.3413746	11.921132	-13.3954935	628000	-0.03445782	-0.0032838576	21.702988	-0.0064926147	0.51506025	0.6531125	0.34457824	0.00014577183	0.014741653	79.0	3024.193340063095
157	0.0	9.718253	10.0	-10.0	200.72223	-0.014405895	2.579174	12.34294	-12.298244	632000	-0.034240257	-0.0032770652	21.666307	-0.0063975654	0.51506025	0.6531125	0.3424026	0.00013963491	0.014646766	79.0	3035.090733528137
158	0.0	10.0	10.0	-10.0	198.2	-0.011250968	2.658773	12.265679	-13.411518	636000	-0.034030862	-0.003276327	21.607864	-0.0031369526	0.51506025	0.6531125	0.34030867	6.903972e-06	0.014565666	79.0	3046.1636028289795
159	0.0	10.0	10.0	-10.0	173.3158	0.032161906	2.518819	12.31204	-11.55213	640000	-0.033815976	-0.0032951478	21.567583	-0.009269397	0.51506025	0.6531125	0.3381597	-4.9888426e-06	0.014326827	79.0	3057.445164680481
160	0.0	10.0	10.0	-10.0	141.95653	-0.0148667395	2.934647	11.839272	-12.501585	644000	-0.033656474	-0.0032652281	21.539701	-0.0061241784	0.5251004	0.65813255	0.3365647	0.00018823765	0.014821499	79.0	3251.496983528137
161	0.0	10.0	10.0	-10.0	159.63158	-0.0052967453	2.4798098	12.140807	-13.038754	648000	-0.033452436	-0.0032668568	21.505789	-0.0004711151	0.5251004	0.65813255	0.3345243	3.0124758e-05	0.015003431	79.0	3262.7573659420013
162	0.0	10.0	10.0	-10.0	169.89473	-0.058306452	2.6357465	12.037596	-13.046673	652000	-0.033248004	-0.003355249	21.474915	-0.011648178	0.5251004	0.65813255	0.33248007	0.00045550746	0.016563343	79.0	3273.63801074028
163	0.0	10.0	10.0	-10.0	177.55556	-0.021239165	2.413404	13.53359	-12.29991	656000	-0.0330448	-0.0032308518	21.423605	-0.006254514	0.5251004	0.65813255	0.33044794	-1.6680657e-05	0.014818936	79.0	3284.503620147705
164	0.0	10.0	10.0	-10.0	237.35715	-0.03998198	2.2379572	13.709436	-12.908927	660000	-0.03284294	-0.0032356598	21.370691	-0.0058959327	0.5251004	0.65813255	0.32842952	0.0004119467	0.015055965	79.0	3295.7379257678986
165	0.0	10.0	10.0	-10.0	167.8421	-0.03498961	2.6335201	11.956824	-12.478678	664000	-0.032649294	-0.0032376058	21.328669	-0.0059140525	0.5251004	0.65813255	0.32649294	4.1924166e-05	0.015201195	79.0	3307.3718135356903
166	0.0	10.0	10.0	-10.0	138.14285	0.006349718	2.8966	12.766185	-11.835254	668000	-0.032448817	-0.0032362498	21.291735	-0.005962372	0.5251004	0.65813255	0.32448816	-9.347093e-06	0.014998532	79.0	3318.3869438171387
167	0.0	10.0	10.0	-10.0	153.05	-0.01875509	2.3745399	13.392326	-12.209918	672000	-0.032259997	-0.0032273475	21.248117	-0.0057293572	0.5251004	0.65813255	0.3226	0.0003434612	0.014980756	79.0	3329.7572882175446
168	0.0	10.0	10.0	-10.0	146.91304	-0.0051676575	2.7869182	13.5051775	-13.063304	676000	-0.032075748	-0.0032273612	21.22323	-0.005695025	0.5251004	0.65813255	0.32075736	0.0004955362	0.015038707	79.0	3341.619830608368
169	0.0	10.0	10.0	-10.0	155.45	-0.01885772	2.7649677	11.924918	-12.660582	680000	-0.031887304	-0.0032131958	21.198364	-0.00080776215	0.5251004	0.65813255	0.31887308	5.37959e-05	0.01470073	79.0	3353.856631040573
170	0.0	10.0	10.0	-10.0	164.4	-0.064123295	2.845711	12.6324415	-12.46224	684000	-0.031708885	-0.00322577	21.170565	-0.010460854	0.5060241	0.65210843	0.3170888	0.0002525034	0.015276241	79.0	3554.1250874996185
171	0.0	10.0	10.0	-10.0	173.6842	-0.0020726998	2.822056	13.595618	-11.409085	688000	-0.031535108	-0.0032081113	21.124115	-0.005587578	0.5060241	0.65210843	0.31535113	7.399847e-05	0.01486661	79.0	3565.3093223571777
172	0.0	10.0	10.0	-10.0	161.6842	-0.0020724935	2.567267	13.936119	-12.984542	692000	-0.031344716	-0.003205682	21.0933	-0.00522391	0.5060241	0.65210843	0.31344712	0.00021876063	0.014911587	79.0	3577.3077516555786
173	0.0	10.0	10.0	-10.0	184.88235	-0.013723614	2.5667865	13.061627	-11.861403	696000	-0.031151026	-0.003202148	21.042429	-0.0035190582	0.5060241	0.65210843	0.3115102	3.482899e-06	0.0145742	79.0	3589.3426990509033
174	0.0	10.0	10.0	-10.0	169.28572	-0.046278812	3.062189	11.740465	-12.535548	700000	-0.030985093	-0.0031946732	21.017935	-0.007932981	0.5060241	0.65210843	0.30985084	0.00022782625	0.014753326	79.0	3600.9692013263702
175	0.0	10.0	10.0	-10.0	152.9	-0.007018799	2.938448	14.131773	-12.689163	704000	-0.030810691	-0.0032003776	20.984148	-0.005631129	0.5060241	0.65210843	0.30810687	-7.147834e-05	0.015048429	79.0	3613.391768693924
176	0.0	10.0	10.0	-10.0	167.2	-0.0077454043	2.0360968	11.3862095	-13.286394	708000	-0.03062976	-0.003201551	20.949	-0.005415281	0.5060241	0.65210843	0.30629763	0.00017886143	0.015297077	79.0	3625.7284824848175
177	0.0	10.0	10.0	-10.0	116.46429	-0.006170545	2.8840258	12.525061	-13.266468	712000	-0.03044354	-0.0031987864	20.950167	-0.005314509	0.5060241	0.65210843	0.30443543	0.000121758065	0.01519005	79.0	3638.3760600090027
178	0.0	10.0	10.0	-10.0	125.18519	-0.020433364	2.8579452	12.692189	-13.203722	716000	-0.030274823	-0.0031817432	20.935074	-0.003311793	0.5060241	0.65210843	0.30274808	-5.942622e-05	0.014894783	79.0	3650.4786262512207
179	0.0	10.0	10.0	-10.0	199.64706	-0.008011247	2.5280483	12.147756	-12.935351	720000	-0.030099576	-0.003252047	20.900316	-0.007671356	0.5060241	0.65210843	0.30099583	0.00036673725	0.015904099	79.0	3662.9097537994385
180	0.0	10.0	10.0	-10.0	204.5625	-0.011294782	2.6595178	12.544982	-12.884628	724000	-0.029927835	-0.0031796268	20.855959	-0.005315145	0.49799195	0.6490964	0.2992783	0.00047483156	0.014960404	79.0	3863.9845514297485
181	0.0	10.0	10.0	-10.0	187.35294	-0.023326332	2.405685	12.5407715	-12.976719	728000	-0.02975895	-0.0031699568	20.8178	-0.005269686	0.49799195	0.6490964	0.29758957	0.00047532804	0.014852765	79.0	3875.965700864792
182	0.0	10.0	10.0	-10.0	162.09525	0.012670404	2.8473458	12.352821	-12.955674	732000	-0.029586038	-0.0031843383	20.783377	-0.0054680505	0.49799195	0.6490964	0.29586038	0.00012309435	0.014986298	79.0	3888.4803552627563
183	0.0	10.0	10.0	-10.0	183.44444	-0.011736573	2.3215241	12.815317	-14.699481	736000	-0.029426431	-0.0031712588	20.758795	-0.0053695044	0.49799195	0.6490964	0.29426435	0.000324067	0.014801486	79.0	3901.4309532642365
184	0.0	10.0	10.0	-10.0	180.66667	-0.0063545937	2.5466905	12.693013	-12.730422	740000	-0.029258272	-0.0031705385	20.722458	-0.005262057	0.49799195	0.6490964	0.2925828	0.00029779246	0.014845927	79.0	3914.6812977790833
185	0.0	10.0	10.0	-10.0	162.7619	-0.0055748443	2.4897842	13.142581	-11.760584	744000	-0.029094322	-0.0031663158	20.701942	-0.0051495233	0.49799195	0.6490964	0.29094324	-3.4018692e-06	0.014832709	79.0	3927.420535802841
186	0.0	10.0	10.0	-10.0	138.38461	-0.013592084	2.6918504	12.80534	-13.47871	748000	-0.02892966	-0.0031781057	20.700552	-0.0055942535	0.49799195	0.6490964	0.28929654	8.527882e-05	0.0150618525	79.0	3939.397462129593
187	0.0	10.0	10.0	-10.0	145.8	-0.037129845	2.8333437	12.815734	-13.037784	752000	-0.028751967	-0.0031517472	20.66138	-0.0048249564	0.49799195	0.6490964	0.2875196	0.00041507426	0.014602368	79.0	3951.9907641410828
188	0.0	10.0	10.0	-10.0	231.1875	-0.025394497	2.7569716	12.81654	-13.473393	756000	-0.028591296	-0.0031859446	20.627682	-0.0029010773	0.49799195	0.6490964	0.2859129	1.2572593e-05	0.015278506	79.0	3964.6116876602173
189	0.0	10.0	10.0	-10.0	193.82353	-0.062062774	2.4217563	12.028455	-12.149547	760000	-0.028416812	-0.0031451357	20.590364	-0.008722941	0.49799195	0.6490964	0.28416824	0.00020563626	0.014633712	79.0	3977.6905307769775
190	0.0	10.0	10.0	-10.0	150.8	-0.006523811	2.5965946	12.60407	-13.139884	764000	-0.028268404	-0.0031537793	20.556837	-0.003710429	0.5	0.64608437	0.28268397	0.0003638412	0.014798176	79.0	4167.870903491974
191	0.0	10.0	10.0	-10.0	189.76471	-0.013203969	2.6328018	12.286432	-13.738187	768000	-0.028111337	-0.003212712	20.51749	-0.006328901	0.5	0.64608437	0.28111324	1.7677206e-05	0.0158557	79.0	4180.876984596252
192	0.0	10.0	10.0	-10.0	164.36842	0.006405272	2.7620695	12.524928	-11.947772	772000	-0.027932605	-0.0031612606	20.486002	-0.0062093735	0.5	0.64608437	0.27932596	7.886433e-05	0.015180335	79.0	4194.123524188995
193	0.0	10.0	10.0	-10.0	143.0	-0.01887688	2.7037978	14.007896	-12.87287	776000	-0.02777873	-0.0031368018	20.478186	-0.0056352615	0.5	0.64608437	0.27778727	0.00021230592	0.014903434	79.0	4207.279313802719
194	0.0	10.0	10.0	-10.0	197.78572	-0.01684978	2.2221212	11.661693	-12.90886	780000	-0.02762583	-0.0031385769	20.437645	-0.0037256877	0.5	0.64608437	0.27625832	0.00014772636	0.0149867805	79.0	4220.806706190109
195	0.0	10.0	10.0	-10.0	214.13333	-0.06283697	2.3780286	12.442638	-13.650995	784000	-0.027470982	-0.0031187823	20.404627	-0.0073038735	0.5	0.64608437	0.27470994	0.00013063171	0.0146460235	79.0	4234.569219350815
196	0.0	10.0	10.0	-10.0	178.66667	-0.021674054	2.6188865	13.01582	-13.022615	788000	-0.027325168	-0.0031398153	20.377222	-0.005454699	0.5	0.64608437	0.27325168	-0.00011132482	0.0148555925	79.0	4248.844563484192
197	0.0	10.0	10.0	-10.0	167.57143	-0.028491758	2.4006183	13.188197	-13.935605	792000	-0.02716127	-0.0031239372	20.370077	-0.0053523383	0.5	0.64608437	0.27161273	0.00030898277	0.014781196	79.0	4262.189749002457
198	0.0	10.0	10.0	-10.0	159.75	-0.019187577	2.8460758	11.635214	-12.846695	796000	-0.02699594	-0.003118136	20.342455	-0.0032574337	0.5	0.64608437	0.2699595	-2.9170982e-05	0.014841475	79.0	4275.036839723587
199	0.0	10.0	10.0	-10.0	148.42857	-0.016131619	2.7947068	12.415279	-13.059057	800000	-0.026839023	-0.0031631847	20.321936	-0.007745743	0.5	0.64608437	0.2683902	4.143843e-05	0.01545608	79.0	4288.828409194946
200	0.0	10.0	10.0	-10.0	166.26315	-0.011971216	2.582851	12.305047	-12.789055	804000	-0.02674736	-0.0031098991	20.289251	-0.005472183	0.49196783	0.64508027	0.26747355	-7.741113e-05	0.014764142	79.0	4481.76486825943
201	0.0	10.0	10.0	-10.0	173.72728	-0.00439304	2.6405153	13.799997	-12.378981	808000	-0.0265823	-0.0031108242	20.287338	-0.0053777695	0.49196783	0.64508027	0.26582298	0.0002900726	0.01473813	79.0	4495.700229883194
202	0.0	10.0	10.0	-10.0	181.52632	-0.03484759	2.516532	13.032051	-13.16261	812000	-0.026420668	-0.0031132838	20.246353	-0.0053017936	0.49196783	0.64508027	0.26420662	0.0003342631	0.01484058	79.0	4508.604050397873
203	0.0	10.0	10.0	-10.0	155.25	-0.027163116	2.7129922	11.971623	-12.5738535	816000	-0.026267499	-0.0031030492	20.231482	-0.0053011575	0.49196783	0.64508027	0.26267496	0.000292657	0.014879462	79.0	4523.154900312424
204	0.0	10.0	10.0	-10.0	148.47826	-0.018562252	2.4692645	12.570834	-12.153687	820000	-0.026115492	-0.0031067831	20.214542	-0.005060514	0.49196783	0.64508027	0.26115486	-1.5310754e-05	0.014742792	79.0	4537.035652399063
205	0.0	10.0	10.0	-10.0	165.6	-0.02888259	2.9614582	12.714373	-14.081732	824000	-0.02595519	-0.0030839376	20.199793	-0.0053551993	0.49196783	0.64508027	0.25955188	0.00014903733	0.014593477	79.0	4551.330775022507
206	0.0	10.0	10.0	-10.0	178.89473	-0.0028562292	2.5178754	12.154244	-12.416808	828000	-0.025805043	-0.003095715	20.18273	-0.0052083335	0.49196783	0.64508027	0.25805047	5.071128e-05	0.014882636	79.0	4564.918909311295
207	0.0	10.0	10.0	-10.0	143.75	-0.003977274	2.9666858	13.599961	-12.984496	832000	-0.025647061	-0.0030791422	20.163431	-0.0051466622	0.49196783	0.64508027	0.25647065	0.00013609126	0.014797851	79.0	4578.735419750214
208	0.0	9.718253	10.0	-10.0	174.55556	-0.031854965	2.638107	12.496593	-13.259101	836000	-0.025491038	-0.0030795306	20.120867	-0.0052404404	0.49196783	0.64508027	0.25491032	9.827683e-05	0.014775542	79.0	4592.344350814819
209	0.0	10.0	10.0	-10.0	143.25	-0.0197933	2.9062903	12.791622	-13.631323	840000	-0.025336305	-0.0030706495	20.116629	-0.0037142436	0.49196783	0.64508027	0.25336316	-0.00017025892	0.014739144	79.0	4606.704208135605
210	0.0	10.0	10.0	-10.0	161.95238	0.031161617	3.0417552	12.246152	-12.783833	844000	-0.025188113	-0.0030906314	20.099611	-0.006333669	0.48895583	0.6435743	0.2518811	-0.00011289085	0.015194104	79.0	4804.755251169205
211	0.0	10.0	10.0	-10.0	166.28572	0.0020564683	2.870854	11.7809105	-12.217486	848000	-0.025037294	-0.003078628	20.078348	-0.005414963	0.48895583	0.6435743	0.25037286	6.173834e-06	0.014891661	79.0	4819.258342027664
212	0.0	10.0	10.0	-10.0	144.09525	-0.015280788	2.764171	12.539591	-13.420507	852000	-0.024882665	-0.0030672646	20.057985	-0.00470829	0.48895583	0.6435743	0.2488267	1.7201708e-05	0.014594994	79.0	4833.780753850937
213	0.0	10.0	10.0	-10.0	188.52632	-0.037156235	2.6106045	12.79459	-13.04545	856000	-0.024737636	-0.0030661935	20.031347	-0.0054658256	0.48895583	0.6435743	0.24737628	-4.221339e-05	0.014539071	79.0	4848.378231287003
214	0.0	10.0	10.0	-10.0	147.2381	-0.024546908	2.6425722	12.585656	-12.997403	860000	-0.024585858	-0.0030575602	20.008636	-0.004371325	0.48895583	0.6435743	0.24585862	0.00034304266	0.014515097	79.0	4862.545990228653
215	0.0	10.0	10.0	-10.0	161.28572	0.02617818	2.6313863	13.03958	-14.765846	864000	-0.024430312	-0.003058409	19.995775	-0.005702337	0.48895583	0.6435743	0.24430315	0.00043308028	0.014670921	79.0	4877.292157173157
216	0.0	10.0	10.0	-10.0	139.69565	0.0038725978	2.8492367	12.755036	-12.628568	868000	-0.024293656	-0.003044505	19.972755	-0.004962921	0.48895583	0.6435743	0.24293645	0.0002281947	0.01467539	79.0	4892.242058753967
217	0.0	10.0	10.0	-10.0	164.22223	-0.029388187	2.668981	13.225632	-13.023327	872000	-0.024140557	-0.0030467845	19.948963	-0.004940033	0.48895583	0.6435743	0.2414056	0.00018573955	0.014774521	79.0	4907.003541946411
218	0.0	10.0	10.0	-10.0	165.2	-0.03632854	2.7928126	12.722059	-13.045708	876000	-0.023981065	-0.0030415144	19.92993	-0.0032876332	0.48895583	0.6435743	0.23981051	-0.00030931874	0.014416814	79.0	4921.364261865616
219	0.0	10.0	10.0	-10.0	154.4762	-0.014413404	2.6153681	11.755685	-13.678427	880000	-0.023828676	-0.0031265542	19.909758	-0.0036122005	0.48895583	0.6435743	0.23828673	0.00048271884	0.015375034	79.0	4935.903583049774
220	0.0	10.0	10.0	-10.0	165.0	0.04086127	2.9802394	11.400569	-11.958754	884000	-0.023679748	-0.0030546088	19.889036	-0.007974625	0.4929719	0.64608437	0.2367974	2.157319e-06	0.014752309	79.0	5134.312974452972
221	0.0	10.0	10.0	-10.0	174.7	-0.020304358	2.5943365	12.492831	-11.737309	888000	-0.023548976	-0.003029451	19.868746	-0.004866918	0.4929719	0.64608437	0.23548979	0.00030147957	0.014476751	79.0	5149.121747016907
222	0.0	10.0	10.0	-10.0	183.16667	-0.0008267798	2.8815696	12.269685	-11.869548	892000	-0.023415765	-0.0030366832	19.84085	-0.0050996146	0.4929719	0.64608437	0.23415762	-8.8627414e-05	0.014704167	79.0	5163.6102776527405
223	0.0	10.0	10.0	-10.0	161.0	-0.0051154774	2.575439	12.614469	-14.1579485	896000	-0.023277998	-0.0030264538	19.821436	-0.0049212775	0.4929719	0.64608437	0.2327799	0.000103258906	0.014501109	79.0	5179.412877082825
224	0.0	10.0	10.0	-10.0	179.36842	-0.0020295493	2.8521657	11.906952	-12.117397	900000	-0.023149481	-0.0030285676	19.81051	-0.0050579705	0.4929719	0.64608437	0.23149478	-0.00012874814	0.014582361	79.0	5194.598582744598
225	0.0	10.0	10.0	-10.0	206.23529	-0.007990339	2.3945012	12.319809	-15.191875	904000	-0.023020884	-0.0030323432	19.793444	-0.0046221414	0.4929719	0.64608437	0.23020887	5.3580847e-05	0.014632442	79.0	5209.770262479782
226	0.0	10.0	10.0	-10.0	212.53334	-0.025225157	2.4590662	12.794139	-12.576258	908000	-0.022899335	-0.0030278026	19.767637	-0.005487124	0.4929719	0.64608437	0.2289933	-4.0355142e-05	0.014250484	79.0	5225.060229301453
227	0.0	10.0	10.0	-10.0	191.64706	-0.013562887	2.3992374	12.255723	-12.620911	912000	-0.022804586	-0.0030453755	19.745325	-0.004924456	0.4929719	0.64608437	0.22804594	0.00021885417	0.014883305	79.0	5240.43940615654
228	0.0	10.0	10.0	-10.0	156.5	-0.022307178	2.7962132	13.317106	-13.031031	916000	-0.022691227	-0.0030409407	19.722982	-0.00511233	0.4929719	0.64608437	0.22691219	0.0004892828	0.01446971	79.0	5256.143811702728
229	0.0	10.0	10.0	-10.0	138.96153	-0.024572007	2.962867	12.529267	-11.56244	920000	-0.02257742	-0.003028793	19.723135	-0.004467964	0.4929719	0.64608437	0.22577421	0.00010494138	0.014373069	79.0	5271.2478766441345
230	0.0	10.0	10.0	-10.0	160.4	-0.03197659	2.5868437	11.735866	-12.556862	924000	-0.022467375	-0.0030552184	19.711956	-0.0012264252	0.5251004	0.6696787	0.22467382	0.00029707726	0.014817849	79.0	5468.741544485092
231	0.0	10.0	10.0	-10.0	186.33333	-0.03556525	2.502435	13.391917	-12.408761	928000	-0.022351956	-0.0031165767	19.693394	-0.009840329	0.5251004	0.6696787	0.22351961	0.0003254265	0.015764685	79.0	5484.286946773529
232	0.0	10.0	10.0	-10.0	181.9	-0.010805789	2.5750875	11.70252	-12.259988	932000	-0.02232267	-0.003039917	19.664179	-0.005112966	0.5251004	0.6696787	0.22322671	-9.33673e-05	0.014637492	79.0	5499.70671248436
233	0.0	10.0	10.0	-10.0	249.75	-0.029274724	2.4100337	12.2964735	-12.8527355	936000	-0.022211282	-0.0030410765	19.627937	-0.005024592	0.5251004	0.6696787	0.22211283	-0.00012945825	0.014807542	79.0	5516.100022554398
234	0.0	10.0	10.0	-10.0	191.375	-0.012711615	2.5969844	12.485278	-11.884999	940000	-0.022098348	-0.0030520223	19.60347	0.004986763	0.5251004	0.6696787	0.22098356	0.00026906922	0.0147834	79.0	5531.168416023254
235	0.0	10.0	10.0	-10.0	163.10527	-0.10869825	2.602452	11.750062	-13.041709	944000	-0.02198545	-0.0031022874	19.596327	-0.014892261	0.5251004	0.6696787	0.2198544	3.4025037e-05	0.015574898	79.0	5547.092309474945
236	0.0	10.0	10.0	-10.0	166.14285	-0.013490638	2.776683	11.86637	-12.535713	948000	-0.021904847	-0.003054581	19.571733	-0.004729271	0.5251004	0.6696787	0.21904854	-5.602009e-05	0.014881971	79.0	5562.471273899078
237	0.0	10.0	10.0	-10.0	141.29167	-0.0016860842	2.7777953	12.850123	-12.086679	952000	-0.021809837	-0.0030507024	19.56552	-0.003689448	0.5251004	0.6696787	0.2180984	-9.484644e-05	0.01480735	79.0	5578.887637853622
238	0.0	10.0	10.0	-10.0	161.75	0.012318936	2.8968744	11.699708	-12.455496	956000	-0.02170748	-0.0031181986	19.552942	-0.004051844	0.5251004	0.6696787	0.21707474	0.00011702659	0.01575582	79.0	5594.680426359177
239	0.0	10.0	10.0	-10.0	204.93333	-0.03496641	2.3890638	12.524488	-12.476207	960000	-0.021604167	-0.0030590016	19.519178	-0.0060269036	0.5251004	0.6696787	0.21604164	0.000113011156	0.01479344	79.0	5611.050677537918
240	0.0	10.0	10.0	-10.0	161.86363	-0.0024667745	2.7377973	11.76691	-11.513219	964000	-0.021510357	-0.0030504533	19.51312	-0.0043557486	0.5251004	0.6591366	0.21510355	0.0003435981	0.015261111	79.0	5809.989319801331
241	0.0	10.0	10.0	-10.0	175.66667	-0.007473748	2.4981873	12.914143	-12.40927	968000	-0.021405363	-0.0030434504	19.4928	-0.0045572915	0.5251004	0.6591366	0.21405365	0.00010146276	0.015132901	79.0	5826.296183824539
242	0.0	10.0	10.0	-10.0	205.27777	-0.012261435	2.5484996	12.207397	-12.496852	972000	-0.021310449	-0.0030454544	19.479273	-0.0042505264	0.5251004	0.6591366	0.21310441	0.00019257957	0.015129842	79.0	5842.127810239792
243	0.0	10.0	10.0	-10.0	154.45454	0.0004245736	2.7348764	12.24206	-12.848434	976000	-0.021204472	-0.0030490607	19.468407	-0.0036061604	0.5251004	0.6591366	0.21204473	-6.757034e-06	0.015290906	79.0	5858.733543395996
244	0.0	10.0	10.0	-10.0	168.73685	-0.016938262	2.840862	11.443563	-13.888221	980000	-0.021097422	-0.0030462656	19.457129	-0.0047747293	0.5251004	0.6591366	0.21097422	0.00026712567	0.015166186	79.0	5874.948704481125
245	0.0	10.0	10.0	-10.0	166.61111	-0.02057294	2.5435197	12.53113	-12.975539	984000	-0.021021882	-0.0030509625	19.43707	-0.004005114	0.5251004	0.6591366	0.21021879	0.00018756662	0.015203211	79.0	5891.8578379154205
246	0.0	10.0	10.0	-10.0	186.77777	-0.0071651214	2.70734	11.926361	-12.736804	988000	-0.02091567	-0.0030468523	19.414248	-0.003973961	0.5251004	0.6591366	0.2091567	-0.00026098322	0.0153534105	79.0	5907.6433119773865
247	0.0	10.0	10.0	-10.0	195.10527	-0.013547051	2.4702098	12.917308	-14.701592	992000	-0.020809866	-0.003038517	19.401506	9.727478e-05	0.5251004	0.6591366	0.20809872	0.000247194	0.014998869	79.0	5924.301397323608
248	0.0	10.0	10.0	-10.0	170.26315	0.01807807	2.5039392	11.588986	-13.715838	996000	-0.020717084	-0.0030945316	19.404371	-0.008153279	0.5251004	0.6591366	0.20717089	0.0003698593	0.015767274	79.0	5940.897347450256
249	0.0	10.0	10.0	-10.0	195.47058	-0.010353923	2.6266067	13.477165	-12.175254	1000000	-0.020671373	-0.0030438972	19.378206	-0.0004564921	0.5251004	0.6591366	0.20671384	-5.494044e-06	0.015473974	79.0	5957.816958189011
250	0.0	10.0	10.0	-10.0	194.88889	-0.057166927	2.9636943	12.041459	-11.501017	1004000	-0.020570405	-0.0030831264	19.371744	-0.007123947	0.5	0.6531125	0.20570414	0.00054586964	0.01569099	79.0	6158.53688788414
251	0.0	10.0	10.0	-10.0	129.96297	-0.01158338	2.8334584	12.30517	-12.441898	1008000	-0.020468606	-0.0030543671	19.360834	-0.0037345886	0.5	0.6531125	0.204686	0.00027261974	0.015433092	79.0	6175.267577886581
252	0.0	10.0	10.0	-10.0	156.86957	0.0031158736	2.7053208	12.716793	-13.42619	1012000	-0.02036347	-0.0030382385	19.36615	-0.0036102931	0.5	0.6531125	0.20363474	0.00022843474	0.015187125	79.0	6192.2785902023315
253	0.0	10.0	10.0	-10.0	158.80952	-0.018686615	2.873516	11.95589	-12.284633	1016000	-0.020257669	-0.003030822	19.359964	-0.0037298203	0.5	0.6531125	0.20257671	0.00022177718	0.01514211	79.0	6209.245130777359
254	0.0	10.0	10.0	-10.0	183.88889	-0.016171537	2.2130942	11.852805	-12.218225	1020000	-0.020158166	-0.00303834	19.350855	-0.0035181046	0.5	0.6531125	0.2015816	0.00023661698	0.015202458	79.0	6225.8127381801605
255	0.0	10.0	10.0	-10.0	174.19048	-0.0121285245	2.7116628	12.293977	-12.380939	1024000	-0.020056536	-0.0030364676	19.333559	-0.0028568904	0.5	0.6531125	0.20056535	0.00013180455	0.015371327	79.0	6243.172508955002
256	0.0	10.0	10.0	-10.0	172.9375	0.006868628	2.4363804	12.883555	-13.164289	1028000	-0.01995687	-0.003031003	19.31811	-0.003818512	0.5	0.6531125	0.19956876	-0.00011954392	0.01564551	79.0	6259.7954659461975
257	0.0	10.0	10.0	-10.0	181.61111	0.02073277	2.499224	12.243085	-12.365838	1032000	-0.019879205	-0.0030335241	19.296103	-0.0027198792	0.5	0.6531125	0.19879203	-1.570075e-05	0.015314733	79.0	6277.32794046402
258	0.0	10.0	10.0	-10.0	151.13637	0.013842486	2.6775985	12.539022	-13.7965555	1036000	-0.019780897	-0.003036291	19.285997	-0.00081380206	0.5	0.6531125	0.19780888	4.9948165e-05	0.015360922	79.0	6293.789095163345
259	0.0	10.0	10.0	-10.0	155.38889	0.0095807435	2.2231617	12.472139	-13.499045	1040000	-0.019688556	-0.0031420223	19.268534	-0.0064430237	0.5	0.6531125	0.19688565	-1.20752275e-05	0.018137367	79.0	6311.137354373932
260	0.0	10.0	10.0	-10.0	190.5625	-0.008386233	2.3415618	13.5359745	-13.4517975	1044000	-0.019586543	-0.0030070115	19.249527	-0.0031188328	0.4618474	0.64006025	0.19586547	0.00024454345	0.015341011	79.0	6519.799010753632
261	0.0	10.0	10.0	-10.0	164.44444	-2.9323815e-05	2.5324445	13.262739	-13.335431	1048000	-0.019483766	-0.0030147377	19.22603	-0.0032024384	0.4618474	0.64006025	0.19483761	0.00021410659	0.015230879	79.0	6536.9678111076355
262	0.0	10.0	10.0	-10.0	198.125	0.004414235	2.4156458	11.727286	-17.104319	1052000	-0.019384643	-0.0030136826	19.211466	-0.0023870468	0.4618474	0.64006025	0.19384648	-5.8804726e-06	0.015195328	79.0	6553.683796167374
263	0.0	10.0	10.0	-10.0	146.04	-0.03708926	2.7186291	12.158948	-11.716882	1056000	-0.01928798	-0.003016094	19.231985	-0.0037968953	0.4618474	0.64006025	0.19287972	7.991947e-05	0.015359583	79.0	6571.310168027878
264	0.0	10.0	10.0	-10.0	172.27777	-0.027683917	2.5407693	11.291371	-12.219773	1060000	-0.019191774	-0.0030107833	19.22154	-0.0031674702	0.4618474	0.64006025	0.19191772	0.00014866913	0.015108031	79.0	6588.452873945236
265	0.0	10.0	10.0	-10.0	277.16666	-0.01109531	2.2608278	13.009324	-12.775181	1064000	-0.019105302	-0.0030174165	19.195955	-0.002919515	0.4618474	0.64006025	0.19105303	-1.40437405e-05	0.015347113	79.0	6605.820357322693
266	0.0	10.0	10.0	-10.0	204.52942	-0.023980493	2.3065133	12.94801	-12.676133	1068000	-0.019007845	-0.003022705	19.176348	-0.0028387706	0.4618474	0.64006025	0.19007854	0.00021986353	0.015299007	79.0	6622.927441358566
267	0.0	10.0	10.0	-10.0	136.73914	0.004791446	2.8001814	11.586256	-11.878828	1072000	-0.018912556	-0.0030247977	19.165827	-0.0029017131	0.4618474	0.64006025	0.18912558	0.0003313224	0.015334364	79.0	6640.856061220169
268	0.0	10.0	10.0	-10.0	163.89473	-0.0024421762	2.9710722	14.622042	-13.481788	1076000	-0.018820314	-0.0030199566	19.153875	-0.0028715134	0.4618474	0.64006025	0.1882031	0.00018798071	0.015246195	79.0	6658.944421052933
269	0.0	10.0	10.0	-10.0	178.77777	-0.0058204625	2.9175177	11.860024	-13.029843	1080000	-0.018726157	-0.0030214882	19.132776	-0.0028429031	0.4618474	0.64006025	0.18726164	-8.2131075e-05	0.01534034	79.0	6676.495779514313
270	0.0	10.0	10.0	-10.0	206.52942	-0.008060756	2.555429	12.93919	-16.72315	1084000	-0.018631032	-0.003025513	19.117971	-0.0022980373	0.44176707	0.61445785	0.18631029	-9.72527e-05	0.015202471	79.0	6882.42177939415
271	0.0	10.0	10.0	-10.0	163.6842	0.010419358	2.7783241	13.258671	-14.836158	1088000	-0.018536564	-0.003034789	19.099813	-0.0031147003	0.44176707	0.61445785	0.18536568	-0.00010796215	0.015432713	79.0	6900.551437616348
272	0.0	10.0	10.0	-10.0	233.86667	-0.02172057	2.517211	12.309157	-12.877756	1092000	-0.018442145	-0.0030205178	19.074118	-0.0026976268	0.44176707	0.61445785	0.1844215	4.070326e-05	0.015249682	79.0	6918.789144039154
273	0.0	10.0	10.0	-10.0	175.5	-0.00016101249	2.4329515	12.716482	-12.509453	1096000	-0.01835478	-0.0030260824	19.060194	-0.0027662914	0.44176707	0.61445785	0.18354784	0.00018596213	0.01541505	79.0	6936.786962509155
274	0.0	10.0	10.0	-10.0	151.21739	-0.0002902616	2.9459667	12.52322	-11.303532	1100000	-0.018256672	-0.0030269874	19.063639	-0.0023600261	0.44176707	0.61445785	0.1825666	0.00014708233	0.015551914	79.0	6954.893048048019
275	0.0	9.701425	10.0	-10.0	203.0	-0.005063363	2.4744537	11.3799095	-12.884618	1104000	-0.018158557	-0.003021676	19.045517	-0.0027751923	0.44176707	0.61445785	0.1815856	7.6870376e-05	0.015241691	79.0	6973.836589097977
276	0.0	10.0	10.0	-10.0	138.96	-0.0051425397	2.4915583	13.209	-12.869193	1108000	-0.018074157	-0.0030248698	19.045439	-0.0025107067	0.44176707	0.61445785	0.18074155	-6.09083e-06	0.015186216	79.0	6992.369798660278
277	0.0	10.0	10.0	-10.0	163.71428	-0.007995046	2.8660095	13.225752	-13.771095	1112000	-0.017981684	-0.0030202533	19.0441	-0.002544721	0.44176707	0.61445785	0.1798168	0.0004189223	0.015360235	79.0	7011.68124961853
278	0.0	10.0	10.0	-10.0	184.47368	-0.0063857804	2.6584415	12.978787	-11.895571	1116000	-0.01788303	-0.0030175596	19.040354	-0.0024464924	0.44176707	0.61445785	0.17883033	-9.3577546e-07	0.015223108	79.0	7029.779408454895
279	0.0	10.0	10.0	-10.0	152.45	0.020020084	2.6339862	11.767069	-13.310008	1120000	-0.01778975	-0.003011971	19.02655	-0.002688408	0.44176707	0.61445785	0.1778975	-4.7252106e-05	0.0152076185	79.0	7048.944841384888
280	0.0	9.701425	10.0	-10.0	203.52942	-0.017136477	2.6990697	13.060513	-12.148623	1124000	-0.01769599	-0.0030151932	19.00727	-0.002518336	0.4789157	0.6455824	0.17695989	0.00013919748	0.015354323	79.0	7251.449378967285
281	0.0	10.0	10.0	-10.0	135.78261	0.0065637375	2.6853004	12.586037	-13.349591	1128000	-0.01759924	-0.0030109927	19.005184	-0.0024172466	0.4789157	0.6455824	0.17599247	-6.6984525e-05	0.015081127	79.0	7270.516542434692
282	0.0	10.0	10.0	-10.0	160.5625	-0.011258099	2.6676126	12.333498	-14.987688	1132000	-0.017504005	-0.0030080483	18.99032	0.0013564428	0.4789157	0.6455824	0.17504013	0.00019993806	0.014983181	79.0	7288.54721903801
283	0.0	10.0	10.0	-10.0	184.8125	-0.020701975	2.2813237	12.618401	-13.104616	1136000	-0.017410383	-0.0030768765	18.977179	-0.0062646866	0.4789157	0.6455824	0.17410384	-0.00010056611	0.017162409	79.0	7307.395359277725
284	0.0	10.0	10.0	-10.0	175.33333	-0.016075423	2.7659907	12.906541	-17.943598	1140000	-0.017374171	-0.002965316	18.969828	0.0018259684	0.4789157	0.6455824	0.17374168	0.00035962238	0.014938623	79.0	7326.51425242424
285	0.0	10.0	10.0	-10.0	132.78572	0.052411735	3.2807283	12.463538	-11.138181	1144000	-0.017276831	-0.0029806418	18.983065	-0.0024785995	0.4789157	0.6455824	0.17276819	-3.739553e-05	0.015186953	79.0	7345.922643899918
286	0.0	10.0	10.0	-10.0	168.59091	0.0037008459	2.6935787	11.938404	-14.094815	1148000	-0.01720027	-0.003129136	18.974724	-0.0064671836	0.4789157	0.6455824	0.17200284	0.00030598548	0.017119909	79.0	7364.195245265961
287	0.0	10.0	10.0	-10.0	181.1579	-0.016562877	2.4802349	12.32621	-12.702574	1152000	-0.017108103	-0.0029310246	18.96122	-0.0022354126	0.4789157	0.6455824	0.17108095	0.0005503358	0.01467483	79.0	7383.348255395889
288	0.0	10.0	10.0	-10.0	138.8	-0.0014537395	2.6327255	12.34765	-13.1474085	1156000	-0.017008917	-0.0029378727	18.959414	-0.0023199718	0.4789157	0.6455824	0.17008923	0.00013466296	0.014725365	79.0	7402.524023532867
289	0.0	10.0	10.0	-10.0	135.04167	-0.01556166	2.771709	11.743705	-12.373561	1160000	-0.016918207	-0.0029330924	18.94856	0.0013062159	0.4789157	0.6455824	0.16918212	0.00040438896	0.014409237	79.0	7422.382984161377
290	0.0	10.0	10.0	-10.0	154.55	0.064058	2.4500353	11.886326	-11.864132	1164000	-0.016834006	-0.0029549617	18.946968	-0.0059518814	0.45983934	0.6295181	0.16834015	8.343212e-05	0.014843452	79.0	7627.533162355423
291	0.0	10.0	10.0	-10.0	174.19048	-0.0053336844	2.5213382	13.144875	-14.057636	1168000	-0.016761778	-0.0029438299	18.937248	-0.00222524	0.45983934	0.6295181	0.16761778	4.471737e-05	0.01486975	79.0	7646.402991294861
292	0.0	10.0	10.0	-10.0	133.79167	-0.0042098444	2.9522974	11.591122	-11.855374	1172000	-0.016673421	-0.0029415246	18.935957	-0.0021533966	0.45983934	0.6295181	0.16673414	0.00012610712	0.014755796	79.0	7665.921596050262
293	0.0	10.0	10.0	-10.0	182.16667	-0.030993734	2.606832	13.437844	-13.307193	1176000	-0.016586686	-0.00294151	18.93706	-0.0023228328	0.45983934	0.6295181	0.1658668	0.00018485058	0.01479711	79.0	7685.502615213394
294	0.0	10.0	10.0	-10.0	196.35294	-0.010626933	2.487197	12.210499	-15.263144	1180000	-0.016497536	-0.002937194	18.918516	-0.0021578472	0.45983934	0.6295181	0.16497535	-0.00024784947	0.014806756	79.0	7705.530801534653
295	0.0	10.0	10.0	-10.0	155.05263	-0.008586654	2.398522	12.287983	-11.798471	1184000	-0.016409537	-0.0029402233	18.904808	-0.0005524953	0.45983934	0.6295181	0.1640953	-1.8790006e-05	0.014815914	79.0	7725.081703901291
296	0.0	10.0	10.0	-10.0	166.65	-0.03446701	2.807596	12.522673	-12.192511	1188000	-0.01632337	-0.0029766427	18.89899	-0.00370121	0.45983934	0.6295181	0.16323362	-0.00020396069	0.015076104	79.0	7744.149885416031
297	0.0	10.0	10.0	-10.0	200.33333	0.0012523301	2.5337026	12.508221	-12.269518	1192000	-0.01623558	-0.0029512912	18.88857	0.0056085587	0.45983934	0.6295181	0.16235577	-1.9944282e-05	0.014810532	79.0	7763.67809677124
298	0.0	10.0	10.0	-10.0	142.52	0.038652394	2.7144995	12.491663	-14.023449	1196000	-0.016145604	-0.0030548067	18.896727	-0.009888331	0.45983934	0.6295181	0.16145603	0.00018593557	0.017043797	79.0	7783.130601167679
299	0.0	10.0	10.0	-10.0	121.96429	-0.013428333	2.9475434	13.149037	-13.496738	1200000	-0.016123097	-0.0029335963	18.891037	-0.002035141	0.45983934	0.6295181	0.16123097	-0.0001485546	0.014790624	79.0	7803.341033935547
300	0.0	10.0	10.0	-10.0	164.61905	-0.012573055	2.454974	13.335172	-12.805051	1204000	-0.016030869	-0.0029332843	18.89024	-0.0021098454	0.4327309	0.61495984	0.16030876	1.3506971e-05	0.014669154	79.0	8011.922977209091
301	0.0	10.0	10.0	-10.0	157.09525	-0.008891039	2.3814297	11.716227	-12.291899	1208000	-0.015941607	-0.0029402962	18.883707	-0.0020214717	0.4327309	0.61495984	0.15941614	-2.2153696e-05	0.014811583	79.0	8032.209593057632
302	0.0	10.0	10.0	-10.0	167.63637	-0.0025145751	2.3915362	11.13121	-14.1915045	1212000	-0.015850423	-0.0029302624	18.880182	-0.00203228	0.4327309	0.61495984	0.15850419	0.0003202871	0.015365613	79.0	8052.279074192047
303	0.0	10.0	10.0	-10.0	154.85	-0.022764508	2.1024995	13.336432	-12.366895	1216000	-0.01576707	-0.0029394522	18.87079	-0.0019788742	0.4327309	0.61495984	0.15767072	3.1262734e-05	0.014877542	79.0	8072.508371829987
304	0.0	10.0	10.0	-10.0	171.4	-0.0046458715	2.342359	12.862514	-13.308213	1220000	-0.015680367	-0.0029416054	18.869793	-5.722046e-05	0.4327309	0.61495984	0.1568036	0.00013877546	0.014839839	79.0	8093.175435304642
305	0.0	10.0	10.0	-10.0	153.09525	-0.0013785415	2.3346946	13.0365095	-12.057558	1224000	-0.015597515	-0.0029756362	18.876347	-0.0040810904	0.4327309	0.61495984	0.15597521	0.0006207602	0.016506294	79.0	8113.5028121471405
306	0.0	10.0	10.0	-10.0	135.75	-0.0007917158	2.4315326	11.917186	-12.748602	1228000	-0.015541607	-0.0029346198	18.869974	-0.0018529892	0.4327309	0.61495984	0.15541603	-0.00014256265	0.014991783	79.0	8133.567920923233
307	0.0	10.0	10.0	-10.0	168.04762	0.014384282	2.5372863	12.159962	-12.371154	1232000	-0.015454073	-0.0029289208	18.871525	-0.0021708806	0.4327309	0.61495984	0.15454079	-1.2076217e-05	0.0148626715	79.0	8153.680995225906
308	0.0	10.0	10.0	-10.0	194.77777	0.004022748	2.4440548	12.733507	-11.937034	1236000	-0.015366244	-0.0029296994	18.865273	-0.00196743	0.4327309	0.61495984	0.1536624	6.372827e-05	0.015282678	79.0	8173.833620786667
309	0.0	10.0	10.0	-10.0	195.875	-0.008848729	2.3918414	11.1488085	-14.127797	1240000	-0.015275483	-0.0029124988	18.851267	-0.0020109813	0.4327309	0.61495984	0.15275498	0.0001242834	0.014812797	79.0	8193.92570567131
310	0.0	10.0	10.0	-10.0	183.47368	-0.008045391	2.7450898	11.89931	-12.15156	1244000	-0.015190527	-0.0029131586	18.842611	-0.0010712942	0.48895583	0.64708835	0.15190518	6.653829e-05	0.014423185	79.0	8396.588157892227
311	0.0	10.0	10.0	-10.0	150.73914	0.0074001355	2.7533562	13.777737	-12.078561	1248000	-0.0151013555	-0.0028779085	18.835644	-0.0028384526	0.48895583	0.64708835	0.15101355	0.00013286137	0.01312691	79.0	8417.265815973282
312	0.0	10.0	10.0	-10.0	158.42857	-0.008504731	2.4520135	12.630924	-12.70834	1252000	-0.015024879	-0.0028055485	18.825996	-0.00017261505	0.48895583	0.64708835	0.15024875	0.00015428226	0.014189509	79.0	8437.974385023117
313	0.0	10.0	10.0	-10.0	174.73685	-0.017715475	2.5825603	13.61701	-13.185232	1256000	-0.014937763	-0.0028087304	18.816723	-0.0037015278	0.48895583	0.64708835	0.14937772	0.00024977638	0.014241949	79.0	8459.564238786697
314	0.0	10.0	10.0	-10.0	177.94444	-0.022321513	2.5371633	12.383666	-11.953758	1260000	-0.01487542	-0.0027941975	18.805017	-0.0018393198	0.48895583	0.64708835	0.1487541	2.301015e-05	0.014094651	79.0	8480.018785715103
315	0.0	10.0	10.0	-10.0	163.1	-0.0022195522	2.6240437	13.190939	-12.378227	1264000	-0.014785342	-0.0028057976	18.797161	-0.0005629857	0.48895583	0.64708835	0.14785348	8.3021856e-05	0.014128844	79.0	8501.397321224213
316	0.0	10.0	10.0	-10.0	190.70589	-0.04650576	2.2559037	11.981917	-12.275803	1268000	-0.014699009	-0.0028147425	18.789927	-0.0032132466	0.48895583	0.64708835	0.14699014	-0.00012858088	0.014154139	79.0	8522.379225730896
317	0.0	10.0	10.0	-10.0	152.57895	-0.008118923	2.6757255	12.472968	-13.171987	1272000	-0.014615141	-0.0028108135	18.77322	-0.0017731985	0.48895583	0.64708835	0.14615144	5.5875822e-05	0.014185962	79.0	8543.789720773697
318	0.0	10.0	10.0	-10.0	207.375	0.0042485353	2.7660127	12.707678	-12.618437	1276000	-0.014527929	-0.0028211896	18.75473	-0.0019073486	0.48895583	0.64708835	0.14527927	0.00014642622	0.01423367	79.0	8564.635110378265
319	0.0	10.0	10.0	-10.0	206.11765	0.0033853846	2.9002056	12.197347	-12.495691	1280000	-0.014442578	-0.002819603	18.740623	-0.00077883404	0.48895583	0.64708835	0.14442576	0.00013071205	0.014121935	79.0	8585.932149887085
320	0.0	10.0	10.0	-10.0	161.0	0.0031470428	2.4890356	12.638599	-14.992662	1284000	-0.014359233	-0.0028314071	18.742167	-0.0028893154	0.50301206	0.6686747	0.14359228	0.00020031088	0.014402253	79.0	8792.476860284805
321	0.0	10.0	10.0	-10.0	193.8125	-0.0046071806	2.1701891	12.970474	-12.869161	1288000	-0.014298356	-0.0028349126	18.733175	-0.0017967224	0.50301206	0.6686747	0.14298347	2.4868107e-06	0.014439906	79.0	8814.689108848572
322	0.0	10.0	10.0	-10.0	196.0625	-0.0016502024	2.5296545	12.90819	-12.949284	1292000	-0.014217019	-0.0028395716	18.721954	-0.001812617	0.50301206	0.6686747	0.14217009	-8.3752093e-07	0.014378156	79.0	8835.785252332687
323	0.0	9.733285	10.0	-10.0	166.57895	-0.022830857	2.5714765	12.517123	-13.716537	1296000	-0.014134109	-0.002844261	18.709593	-0.0016857783	0.50301206	0.6686747	0.14134109	0.00011431348	0.014468172	79.0	8857.728389978409
324	0.0	10.0	10.0	-10.0	173.22223	-0.016056705	2.650065	12.380091	-13.880317	1300000	-0.014053526	-0.0028612018	18.698774	-0.0016889572	0.50301206	0.6686747	0.14053531	0.00030460246	0.0148383	79.0	8879.670110702515
325	0.0	10.0	10.0	-10.0	180.89473	-0.0072161625	2.7155406	12.195401	-12.993545	1304000	-0.013973367	-0.0028485504	18.695776	0.0020634334	0.50301206	0.6686747	0.13973366	7.1130685e-06	0.01436329	79.0	8902.046091794968
326	0.0	10.0	10.0	-10.0	183.5625	0.009644502	2.257737	13.31058	-13.857577	1308000	-0.013898837	-0.0030148253	18.68494	-0.0057115555	0.50301206	0.6686747	0.13898844	0.00018080366	0.01648667	79.0	8922.879166841507
327	0.0	10.0	10.0	-10.0	193.61111	0.0025242656	2.6641767	12.2137785	-12.688906	1312000	-0.013823588	-0.0028183553	18.672232	-0.001742045	0.50301206	0.6686747	0.13823591	6.60848e-05	0.014327589	79.0	8945.263439655304
328	0.0	10.0	10.0	-10.0	151.14285	-0.010337657	2.6656382	12.235399	-12.372081	1316000	-0.013745652	-0.0028271286	18.669558	-0.0017522176	0.50301206	0.6686747	0.13745654	-4.2970092e-05	0.014280617	79.0	8966.363294839859
329	0.0	10.0	10.0	-10.0	162.33333	0.0027952585	2.56448	13.565027	-12.580759	1320000	-0.013670306	-0.0028284725	18.65558	-0.0016841888	0.50301206	0.6686747	0.13670291	0.0003248698	0.014542952	79.0	8988.340137004852
330	0.0	10.0	10.0	-10.0	156.54546	-0.0017061468	3.0895815	14.406864	-14.657898	1324000	-0.013596612	-0.0028332483	18.647497	-0.0014673868	0.48694777	0.6511044	0.13596623	0.00010972554	0.014367086	79.0	9200.24329662323
331	0.0	10.0	10.0	-10.0	164.0	0.0036729746	2.4980555	11.299394	-13.039353	1328000	-0.013523449	-0.0028345983	18.64886	-0.0018399557	0.48694777	0.6511044	0.13523452	-6.740712e-05	0.014423308	79.0	9223.13067483902
332	0.0	10.0	10.0	-10.0	221.76923	-0.004682522	2.0003064	11.747868	-11.632985	1332000	-0.013454267	-0.0028402258	18.631227	-0.0016622543	0.48694777	0.6511044	0.13454266	0.00017623004	0.0146201	79.0	9245.015008926392
333	0.0	10.0	10.0	-10.0	150.8	0.010614361	2.7070084	11.914492	-11.5801735	1336000	-0.013385537	-0.0028450869	18.617193	0.0020227432	0.48694777	0.6511044	0.13385533	7.277229e-05	0.014521632	79.0	9267.97471523285
334	0.0	10.0	10.0	-10.0	169.8421	-0.06545901	2.4355369	11.696685	-11.812586	1340000	-0.013316545	-0.0028809002	18.61294	0.004676819	0.48694777	0.6511044	0.13316542	0.00038097854	0.014442428	79.0	9289.975082874298
335	0.0	10.0	10.0	-10.0	212.38461	-0.028698534	2.4466693	11.306602	-11.834154	1344000	-0.0132504115	-0.003016255	18.605127	-0.011809349	0.48694777	0.6511044	0.13250408	0.00027544794	0.019761577	79.0	9313.001184463501
336	0.0	10.0	10.0	-10.0	172.73685	-0.009095731	2.535249	12.430031	-15.628527	1348000	-0.013234832	-0.0026974864	18.591166	-0.0015907288	0.48694777	0.6511044	0.13234834	0.0001968665	0.014269463	79.0	9335.331357002258
337	0.0	10.0	10.0	-10.0	200.85715	0.0033558772	2.4925852	14.139471	-12.958298	1352000	-0.013165019	-0.002680097	18.577177	-0.0016714731	0.48694777	0.6511044	0.13165022	-8.98318e-05	0.013600509	79.0	9358.797117233276
338	0.0	10.0	10.0	-10.0	173.09525	-0.003016152	2.5230684	12.474934	-12.855887	1356000	-0.0130964825	-0.0026924235	18.570162	-0.001563708	0.48694777	0.6511044	0.13096489	0.00026065973	0.013589918	79.0	9380.329917430878
339	0.0	10.0	10.0	-10.0	143.36363	-0.0051720324	2.7865465	12.974642	-11.200566	1360000	-0.013030241	-0.00269242	18.561174	-0.0010827383	0.48694777	0.6511044	0.13030244	0.00018376061	0.013376611	79.0	9403.396256446838
340	0.0	10.0	10.0	-10.0	152.54546	0.02202669	2.6465502	12.969164	-15.145172	1364000	-0.012963295	-0.0027053922	18.551935	-0.0021470387	0.5050201	0.6641566	0.12963283	6.720064e-05	0.013461776	79.0	9618.129570484161
341	0.0	10.0	10.0	-10.0	147.55556	-0.02115601	2.5042658	13.735832	-18.205452	1368000	-0.012900506	-0.0027111701	18.540304	-0.0015112559	0.5050201	0.6641566	0.12900509	0.00019737141	0.013659492	79.0	9641.672157526016
342	0.0	10.0	10.0	-10.0	209.875	0.0029219321	2.406422	12.49624	-13.602201	1372000	-0.012834073	-0.0027190105	18.534744	-0.0012566248	0.5050201	0.6641566	0.12834069	-2.0903952e-05	0.013684238	79.0	9663.993124008179
343	0.0	10.0	10.0	-10.0	158.95238	0.0012906159	2.7709844	12.60411	-13.428974	1376000	-0.012770078	-0.002770915	18.527124	0.00094890594	0.5050201	0.6641566	0.12770085	5.7794547e-05	0.014406485	79.0	9687.381715297699
344	0.0	10.0	10.0	-10.0	187.625	0.045818746	2.456499	12.938508	-13.060777	1380000	-0.012707322	-0.0027484915	18.512064	-0.0045868554	0.5050201	0.6641566	0.12707327	5.009932e-05	0.013698843	79.0	9710.39212679863
345	0.0	10.0	10.0	-10.0	188.38889	-0.012004956	2.0510182	12.153075	-14.685389	1384000	-0.0126544535	-0.002747992	18.497902	-0.00089263916	0.5050201	0.6641566	0.12654454	-0.00027604352	0.014069344	79.0	9734.322433233261
346	0.0	10.0	10.0	-10.0	165.0	-0.009086937	2.7083225	11.770942	-11.229717	1388000	-0.0125918435	-0.0027841248	18.487577	-0.0021880467	0.5050201	0.6641566	0.1259184	9.471794e-05	0.014697696	79.0	9757.040192842484
347	0.0	10.0	10.0	-10.0	174.57143	-0.00064552296	2.5405068	12.886329	-13.915286	1392000	-0.012532127	-0.0027547916	18.48342	-0.0016015371	0.5050201	0.6641566	0.12532137	5.67402e-05	0.013858686	79.0	9780.315165996552
348	0.0	10.0	10.0	-10.0	181.35294	-0.0067416113	2.7619603	12.256383	-12.655424	1396000	-0.0124712465	-0.002762745	18.469572	0.0074739456	0.5050201	0.6641566	0.1247125	-4.9174934e-05	0.014254585	79.0	9803.127843379974
349	0.0	10.0	10.0	-10.0	192.5625	-0.03656975	2.2607996	13.000088	-12.490742	1400000	-0.012410785	-0.002987383	18.465616	-0.010589917	0.5050201	0.6641566	0.12410786	0.0006328132	0.017898256	79.0	9826.555654525757
350	0.0	10.0	10.0	-10.0	204.625	0.0048508006	2.4883862	12.763797	-13.865001	1404000	-0.012397717	-0.002768262	18.439106	-0.0014654795	0.5110442	0.66917676	0.12397724	-0.00012684008	0.014493483	79.0	10036.745360136032
351	0.0	10.0	10.0	-10.0	170.75	-0.018208863	2.6160083	11.565296	-13.718285	1408000	-0.012339823	-0.0027736395	18.429832	-0.0015172958	0.5110442	0.66917676	0.12339833	0.00014486328	0.013888533	79.0	10059.319454431534
352	0.0	10.0	10.0	-10.0	175.83333	-0.008825197	2.1330035	13.154795	-13.441766	1412000	-0.01227945	-0.002777781	18.426481	-0.0015198389	0.5110442	0.66917676	0.12279449	2.6657013e-05	0.014018622	79.0	10082.090662002563
353	0.0	10.0	10.0	-10.0	169.70589	0.006742514	2.2774081	11.849209	-12.477524	1416000	-0.012222203	-0.0027898594	18.409966	-0.0012429556	0.5110442	0.66917676	0.122221924	-9.248385e-07	0.014166002	79.0	10104.86680984497
354	0.0	10.0	10.0	-10.0	194.94118	0.0027471131	2.7624598	12.694487	-11.458989	1420000	-0.01216406	-0.0027888275	18.397514	-0.0017360052	0.5110442	0.66917676	0.121640645	0.00017429244	0.014181082	79.0	10127.460588693619
355	0.0	10.0	10.0	-10.0	152.42105	0.0076151243	2.6307406	11.718645	-12.420811	1424000	-0.012107372	-0.0027888909	18.387678	-0.0014232	0.5110442	0.66917676	0.12107376	7.490782e-05	0.013636179	79.0	10150.550145149231
356	0.0	10.0	10.0	-10.0	172.45	-0.014038962	2.6937249	12.145719	-12.74274	1428000	-0.012052327	-0.0027913041	18.381704	-0.0015633901	0.5110442	0.66917676	0.12052333	-0.00017192397	0.013420634	79.0	10173.345036506653
357	0.0	10.0	10.0	-10.0	145.55	-0.013700362	2.7628276	11.379515	-12.542182	1432000	-0.011994659	-0.0028008185	18.371437	-0.0013453165	0.5110442	0.66917676	0.11994657	0.0001715456	0.014336963	79.0	10195.898072004318
358	0.0	10.0	10.0	-10.0	188.52942	-0.0020584082	2.2952724	12.400145	-12.913457	1436000	-0.011936071	-0.0027968585	18.35887	-0.0015789667	0.5110442	0.66917676	0.119360656	0.00012358003	0.014685298	79.0	10218.369660615921
359	0.0	10.0	10.0	-10.0	207.4375	-0.015601331	2.4422662	13.815933	-12.962092	1440000	-0.011881986	-0.0028013818	18.349218	-0.0013990402	0.5110442	0.66917676	0.1188198	-1.9300796e-05	0.014497831	79.0	10241.450489521027
360	0.0	10.0	10.0	-10.0	255.0	-0.009926917	2.2366989	13.240607	-13.211237	1444000	-0.011826486	-0.002800788	18.330627	-0.0014568964	0.5421687	0.6802209	0.11826482	0.0002733326	0.014220938	79.0	10442.251166343689
361	0.0	10.0	10.0	-10.0	174.41176	-0.015507186	2.5061693	11.699844	-12.229516	1448000	-0.011772789	-0.0028054742	18.31898	-0.0014829636	0.5421687	0.6802209	0.11772781	0.00018363597	0.01514256	79.0	10465.553025722504
362	0.0	10.0	10.0	-10.0	150.3	-0.010533836	2.2342556	12.904822	-14.10564	1452000	-0.011717557	-0.0028064356	18.31573	-0.001440684	0.5421687	0.6802209	0.117175646	-7.487038e-05	0.0145538105	79.0	10488.463233947754
363	0.0	10.0	10.0	-10.0	213.14285	-0.01578261	2.0678525	11.635364	-13.6935005	1456000	-0.011662867	-0.002805609	18.297373	-0.0010302862	0.5421687	0.6802209	0.11662871	0.00012852703	0.014494578	79.0	10511.597287654877
364	0.0	9.718253	10.0	-10.0	201.33333	-0.022444444	2.3913832	12.039218	-12.95678	1460000	-0.011607717	-0.0027926483	18.281761	-0.0017995834	0.5421687	0.6802209	0.1160771	6.386818e-05	0.013987961	79.0	10535.11166381836
365	0.0	10.0	10.0	-10.0	250.83333	0.0022235194	2.5901835	12.114016	-12.027655	1464000	-0.0115496805	-0.0027763257	18.26622	-0.0014308294	0.5421687	0.6802209	0.115496755	4.3438722e-05	0.01406256	79.0	10558.437254428864
366	0.0	10.0	10.0	-10.0	232.0	-0.018424284	2.3493207	10.654617	-11.023754	1468000	-0.011497055	-0.0027807103	18.250721	-0.0013246536	0.5421687	0.6802209	0.1149705	-7.985607e-05	0.01409584	79.0	10582.041891813278
367	0.0	10.0	10.0	-10.0	212.5625	-0.0057402276	2.1654985	12.461794	-13.129797	1472000	-0.011445115	-0.0027497169	18.23619	0.00023110707	0.5421687	0.6802209	0.11445117	-0.00018821348	0.014238763	79.0	10604.879878759384
368	0.0	10.0	10.0	-10.0	164.94444	0.0151461745	2.375916	12.532217	-12.824184	1476000	-0.011390979	-0.002760388	18.22915	-0.0030790966	0.5421687	0.6802209	0.11390986	0.0001555728	0.014828853	79.0	10628.023449420929
369	0.0	10.0	10.0	-10.0	150.43478	-0.01718649	2.9045017	11.543221	-13.641372	1480000	-0.011361238	-0.002732427	18.228872	-0.0014893214	0.5421687	0.6802209	0.113612376	0.00042991832	0.013812461	79.0	10651.31829404831
370	0.0	10.0	10.0	-10.0	180.70589	-0.015399622	2.5159335	11.591505	-12.015454	1484000	-0.011310533	-0.002747521	18.22193	-0.0012305578	0.54417676	0.67771083	0.113105334	0.00012897768	0.015022434	79.0	10850.395395994186
371	0.0	10.0	10.0	-10.0	196.125	-0.0022941907	2.3188446	11.967017	-12.670343	1488000	-0.011256668	-0.0027614813	18.208456	-0.0015614828	0.54417676	0.67771083	0.11256672	6.758587e-05	0.014858608	79.0	10874.451266527176
372	0.0	10.0	10.0	-10.0	196.375	-0.015224492	2.4391716	12.893484	-13.471707	1492000	-0.011202578	-0.002754106	18.200512	-0.0013475418	0.54417676	0.67771083	0.112025835	9.787818e-05	0.013745985	79.0	10898.665836334229
373	0.0	10.0	10.0	-10.0	208.8125	-0.016125834	2.5534332	14.0272875	-12.749999	1496000	-0.01114957	-0.0027652606	18.189909	-0.0013036728	0.54417676	0.67771083	0.11149571	0.00010520549	0.014041782	79.0	10922.396507024765
374	0.0	9.701425	10.0	-10.0	195.17647	0.010488009	2.625528	13.04021	-12.567711	1500000	-0.011093963	-0.002758339	18.172522	-0.0014327368	0.54417676	0.67771083	0.1109396	8.348365e-05	0.0137177175	79.0	10946.362580776215
375	0.0	10.0	10.0	-10.0	254.33333	-0.002496409	2.1976445	13.446372	-13.219418	1504000	-0.01104482	-0.0027672888	18.14852	0.000120162964	0.54417676	0.67771083	0.11044812	-0.000134847	0.014216345	79.0	10970.439034700394
376	0.0	10.0	10.0	-10.0	180.25	-0.034115527	2.4058073	12.962267	-15.276796	1508000	-0.010992269	-0.0027534813	18.136255	-0.0028279622	0.54417676	0.67771083	0.10992274	0.00017082515	0.013001065	79.0	10994.33840584755
377	0.0	10.0	10.0	-10.0	153.55556	-0.00779283	2.4375005	11.541843	-11.765589	1512000	-0.010950916	-0.0027675673	18.115461	-0.0013917288	0.54417676	0.67771083	0.10950909	-0.000103005535	0.015102404	79.0	11018.707333087921
378	0.0	10.0	10.0	-10.0	204.26666	-0.012847905	2.3751335	12.961435	-13.10333	1516000	-0.010899287	-0.0027630746	18.099525	-0.0013437271	0.54417676	0.67771083	0.108992934	2.7028267e-05	0.013602323	79.0	11042.231658935547
379	0.0	10.0	10.0	-10.0	191.61111	-0.022485591	3.0125127	12.777072	-11.352831	1520000	-0.010849643	-0.0027672565	18.09156	-0.0013360977	0.54417676	0.67771083	0.10849637	0.00016895891	0.015079224	79.0	11066.141287088394
380	0.0	10.0	10.0	-10.0	199.86667	0.01107255	2.4493895	14.577573	-13.499498	1524000	-0.010798685	-0.002764687	18.079397	0.005453428	0.5251004	0.6621486	0.107986875	8.965042e-05	0.013902026	79.0	11263.213711977005
381	0.0	10.0	10.0	-10.0	210.75	-0.005746188	2.4620876	13.17861	-11.678818	1528000	-0.010745308	-0.00021710682	18.068834	-0.00810051	0.5251004	0.6621486	0.107452966	0.0006164915	0.07369248	79.0	11287.371849775314
382	0.0	10.0	10.0	-10.0	202.53334	-0.009551453	2.2800422	11.509607	-12.201202	1532000	-0.010675992	-0.0026368822	18.04748	-0.0013119379	0.5251004	0.6621486	0.10675993	0.00010069134	0.013781731	79.0	11311.639500617981
383	0.0	10.0	10.0	-10.0	197.0	-0.026008995	2.5406077	12.564969	-12.97125	1536000	-0.010620902	-0.0026520344	18.035849	-0.0013551712	0.5251004	0.6621486	0.10620906	0.00024573316	0.015199444	79.0	11335.91690325737
384	0.0	10.0	10.0	-10.0	195.84616	-0.0060470123	2.3362691	12.027214	-11.685703	1540000	-0.010566759	-0.00266709	18.014643	-0.0012903214	0.5251004	0.6621486	0.10566765	9.5382566e-05	0.014091364	79.0	11360.5089366436
385	0.0	10.0	10.0	-10.0	147.5238	0.014100029	2.5340056	11.594031	-11.776673	1544000	-0.010514267	-0.002670958	18.01293	-0.0013446808	0.5251004	0.6621486	0.105142765	-2.8906723e-05	0.012938458	79.0	11384.863734722137
386	0.0	10.0	10.0	-10.0	236.6923	-0.007661785	2.1004817	12.312903	-11.948448	1548000	-0.010462485	-0.0026937744	17.995584	-0.000538826	0.5251004	0.6621486	0.10462489	-2.515639e-05	0.0145397335	79.0	11409.39700961113
387	0.0	10.0	10.0	-10.0	171.35294	-0.010046208	2.762574	12.609695	-12.554779	1552000	-0.010407268	-0.0027478368	17.981825	-0.0022036235	0.5251004	0.6621486	0.10407275	0.00019553852	0.015048231	79.0	11433.880789518356
388	0.0	10.0	10.0	-10.0	194.33333	-0.0040014097	2.579149	12.027891	-12.062367	1556000	-0.010346728	-0.0026933532	17.976318	-0.00089708966	0.5251004	0.6621486	0.103467226	0.00019187875	0.01569082	79.0	11458.34484577179
389	0.0	10.0	10.0	-10.0	242.0	-0.017723959	2.4316103	12.003618	-12.608378	1560000	-0.010298113	-0.0027066038	17.962996	-0.00079250336	0.5251004	0.6621486	0.10298103	-8.800262e-05	0.015368894	79.0	11482.604256868362
390	0.0	10.0	10.0	-10.0	175.80952	0.003329447	2.491502	12.188923	-12.410387	1564000	-0.010252659	-0.0027096178	17.960594	-0.002421379	0.53614455	0.6706827	0.102526635	-2.9555697e-05	0.01734407	79.0	11681.024190425873
391	0.0	10.0	10.0	-10.0	187.0	-0.012148713	2.5200155	12.142347	-12.136059	1568000	-0.010197277	-0.0027105927	17.94962	-0.0011469523	0.53614455	0.6706827	0.101972766	0.00039035766	0.01585546	79.0	11705.28174161911
392	0.0	10.0	10.0	-10.0	150.26315	-0.03222526	2.0996041	12.572736	-12.957626	1572000	-0.010153583	-0.0027201723	17.944832	-0.0013856888	0.53614455	0.6706827	0.101535894	-3.7075948e-05	0.013979629	79.0	11729.604495048523
393	0.0	10.0	10.0	-10.0	232.86667	-0.030528024	2.4111233	13.854979	-13.19409	1576000	-0.010119066	-0.0027282499	17.93807	-0.0015494028	0.53614455	0.6706827	0.10119065	0.000100113655	0.01419662	79.0	11753.651771306992
394	0.0	10.0	10.0	-10.0	162.94118	0.010289804	2.196038	11.748942	-10.993021	1580000	-0.010073454	-0.0027336131	17.927563	-0.00111866	0.53614455	0.6706827	0.100734614	-3.834537e-05	0.014320016	79.0	11777.836705207825
395	0.0	10.0	10.0	-10.0	156.26315	0.01158732	2.896224	13.237183	-12.075386	1584000	-0.010031271	-0.002744101	17.91973	-0.0015691122	0.53614455	0.6706827	0.10031273	0.0002594466	0.014195066	79.0	11802.038320302963
396	0.0	10.0	10.0	-10.0	235.91667	-0.011564216	2.294259	11.667062	-11.957841	1588000	-0.009984375	-0.0027417007	17.902983	-0.0012741089	0.53614455	0.6706827	0.09984382	4.3192777e-05	0.014822442	79.0	11826.752345561981
397	0.0	10.0	10.0	-10.0	255.91667	0.011170995	2.0274236	12.29993	-11.762869	1592000	-0.009942108	-0.0027533106	17.88685	-0.0008382797	0.53614455	0.6706827	0.09942106	9.542977e-05	0.014403537	79.0	11850.966741800308
398	0.0	10.0	10.0	-10.0	211.0	0.0110684745	2.5870714	12.0548725	-12.589654	1596000	-0.009897319	-0.002755019	17.875238	-0.0018110275	0.53614455	0.6706827	0.09897315	0.00017705133	0.014570021	79.0	11875.505547761917
399	0.0	10.0	10.0	-10.0	208.75	-0.013693509	2.2802138	12.809058	-13.308919	1600000	-0.009856948	-0.0027613472	17.871416	-0.0010388693	0.54518074	0.6767068	0.09856954	0.00024271605	0.015618742	79.0	12076.195019245148
