Epoch	AverageEpRet	StdEpRet	MaxEpRet	MinEpRet	EpLen	AverageVVals	StdVVals	MaxVVals	MinVVals	TotalEnvInteracts	LossPi	DeltaLossPi	LossV	DeltaLossV	EvalWin	EvalScore	Entropy	KL	ClipFrac	StopIter	Time
0	0.0	10.0	10.0	-10.0	22.719297	0.0050411993	0.15684542	0.44466412	-0.4307397	4000	-0.10781759	-0.0025085844	72.774796	-16.726912	0.008032128	0.008032128	1.078176	0.0033730625	0.020145146	79.0	19.84297752380371
1	0.0	10.0	10.0	-10.0	23.603659	-0.0008879635	3.947123	7.1942434	-7.136097	8000	-0.10849675	-0.0022144604	56.63841	-1.9578876	0.008032128	0.008032128	1.0849675	0.0040258723	0.017017016	79.0	22.60243582725525
2	0.0	10.0	10.0	-10.0	20.784946	-0.00033664063	4.0652475	7.617372	-7.6504645	12000	-0.10868909	-0.0016331524	54.611317	-0.8409564	0.008032128	0.008032128	1.0868908	0.0024152326	0.018268269	79.0	25.441910982131958
3	0.0	10.0	10.0	-10.0	25.678082	0.0002707201	4.0574675	8.328963	-8.395311	16000	-0.10850474	-0.0019061379	54.145863	-0.3602384	0.008032128	0.008032128	1.0850472	0.0026304827	0.010322823	79.0	28.272456407546997
4	0.0	10.0	10.0	-10.0	25.431372	-0.002104266	4.1486797	7.8970284	-7.962909	20000	-0.10841004	-0.002349573	54.706776	-0.6525345	0.008032128	0.008032128	1.0841004	0.0041633775	0.010585587	79.0	31.170303344726562
5	0.0	10.0	10.0	-10.0	28.102942	0.004182881	3.8343205	7.2348423	-7.1518426	24000	-0.107699834	-0.0037860945	54.37143	-0.81974536	0.008032128	0.008032128	1.0769981	0.0044111875	0.02729813	79.0	34.098801612854004
6	0.0	10.0	10.0	-10.0	25.96	0.0076625324	3.7371979	6.862014	-6.502857	28000	-0.106569596	-0.0046096668	53.80458	-1.1375974	0.008032128	0.008032128	1.0656958	0.0045275767	0.029726155	79.0	37.04785227775574
7	0.0	10.0	10.0	-10.0	26.894365	-0.0095468685	3.7792888	7.205757	-6.8386674	32000	-0.10508109	-0.0049987077	53.18913	-1.5673084	0.008032128	0.008032128	1.050811	0.006261638	0.029341841	79.0	40.04189682006836
8	0.0	10.0	10.0	-10.0	33.147827	-0.012721692	3.5777762	9.869509	-9.754987	36000	-0.10329628	-0.0052340715	52.60033	-1.4753183	0.008032128	0.008032128	1.0329629	0.0016743048	0.030196866	79.0	43.203126192092896
9	0.0	10.0	10.0	-10.0	36.99	-0.03482786	3.505661	10.85183	-11.017395	40000	-0.10145631	-0.0058362707	51.30852	-1.8102169	0.008032128	0.008032128	1.0145632	0.0021453847	0.032019522	79.0	46.48261618614197
10	0.0	10.0	10.0	-10.0	36.942856	-0.006827448	3.4366646	11.888955	-11.92463	44000	-0.09969089	-0.0061242706	50.219574	-2.9537315	0.030120483	0.030120483	0.99690896	0.0024975766	0.030678406	79.0	75.37906074523926
11	0.0	10.0	10.0	-10.0	40.9011	-0.033703633	3.4109075	10.750603	-10.874782	48000	-0.09822768	-0.006865921	47.564655	-4.154013	0.030120483	0.030120483	0.98227674	0.0032372514	0.0338672	79.0	78.63720631599426
12	0.0	10.0	10.0	-10.0	43.31111	0.011003925	3.6387663	13.270929	-13.294212	52000	-0.09689468	-0.0072382153	44.16734	-3.9575589	0.030120483	0.030120483	0.96894675	0.0013401714	0.036671285	79.0	81.83438515663147
13	0.0	10.0	10.0	-10.0	57.303032	0.007858501	4.07679	12.615748	-13.463837	56000	-0.09547254	-0.0072266	40.69067	-1.7995872	0.030120483	0.030120483	0.9547252	0.0023016136	0.03812741	79.0	85.06583881378174
14	0.0	10.0	10.0	-10.0	52.767124	0.034038976	4.50268	13.56958	-13.045217	60000	-0.09418129	-0.0067497343	39.35815	-0.6671594	0.030120483	0.030120483	0.9418128	0.002291309	0.03862196	79.0	88.4730076789856
15	0.0	10.0	10.0	-10.0	51.661972	0.018899577	4.6389165	13.364988	-13.156007	64000	-0.09278262	-0.0062361583	39.02052	-0.3497162	0.030120483	0.030120483	0.927826	0.0022162644	0.033807244	79.0	91.91454720497131
16	0.0	10.0	10.0	-10.0	56.358208	0.10466259	4.667051	13.843886	-13.138773	68000	-0.091536246	-0.0058915727	39.092537	-0.29289755	0.030120483	0.030120483	0.91536254	0.0029174706	0.032245483	79.0	95.26205492019653
17	0.0	10.0	10.0	-10.0	62.66102	0.081350826	4.4720287	13.65262	-12.5334	72000	-0.09046364	-0.005509106	39.0499	-0.26509538	0.030120483	0.030120483	0.90463656	3.4198263e-05	0.030641755	79.0	98.66336822509766
18	0.0	10.0	10.0	-10.0	72.76471	0.07238577	4.5256715	13.9552145	-13.832112	76000	-0.08951529	-0.0052074143	38.95541	-0.2575105	0.030120483	0.030120483	0.89515275	0.0009432935	0.027968759	79.0	102.23860359191895
19	0.0	10.0	10.0	-10.0	73.40385	0.054412782	4.515783	12.9838	-13.080925	80000	-0.088635586	-0.00512857	38.969574	-0.24990463	0.030120483	0.030120483	0.88635606	0.0024753637	0.02757132	79.0	105.75097298622131
20	0.0	10.0	10.0	-10.0	69.36539	0.038735043	4.313509	13.576623	-13.316525	84000	-0.08769912	-0.004963311	38.887035	-0.23963101	0.13152611	0.13152611	0.87699145	0.00052517606	0.0264014	79.0	169.99074482917786
21	0.0	10.0	10.0	-10.0	78.702126	0.025435938	4.1456223	14.840622	-14.820755	88000	-0.0867962	-0.004824806	38.77351	-0.23925464	0.13152611	0.13152611	0.86796206	0.0023921954	0.024672398	79.0	173.53252506256104
22	0.0	10.0	10.0	-10.0	68.0	0.03404508	3.9995866	10.909222	-11.255888	92000	-0.085866384	-0.004712265	38.711704	-0.25017738	0.13152611	0.13152611	0.85866386	0.00065219804	0.024111068	79.0	177.21720480918884
23	0.0	10.0	10.0	-10.0	73.38	-0.007475493	4.05425	12.835544	-12.711245	96000	-0.08494718	-0.004571037	38.459126	-0.27518907	0.13152611	0.13152611	0.84947187	0.001115758	0.023387974	79.0	180.97031784057617
24	0.0	10.0	10.0	-10.0	71.48148	-0.02736684	4.0115457	13.015717	-12.748598	100000	-0.08409073	-0.0044657267	38.292183	-0.27941385	0.13152611	0.13152611	0.84090734	0.00039085394	0.022647649	79.0	184.68234491348267
25	0.0	10.0	10.0	-10.0	73.411766	-0.014770864	3.8830495	11.941647	-11.991131	104000	-0.083230175	-0.0043715723	37.967754	-0.28340086	0.13152611	0.13152611	0.8323018	0.0018949107	0.021439709	79.0	188.4604730606079
26	0.0	10.0	10.0	-10.0	74.56863	-0.029999517	3.8709345	12.320764	-13.338927	108000	-0.08231709	-0.0043228306	37.748196	-0.2753118	0.13152611	0.13152611	0.82317114	0.0012672289	0.021651281	79.0	192.27877163887024
27	0.0	10.0	10.0	-10.0	77.833336	-0.03710671	3.893671	12.487975	-13.063092	112000	-0.08144743	-0.0042663007	37.595387	-0.24639384	0.13152611	0.13152611	0.8144744	0.0006115606	0.021226585	79.0	196.16467356681824
28	0.0	10.0	10.0	-10.0	78.875	-0.014704606	3.810067	12.866857	-13.133172	116000	-0.08056905	-0.004232701	37.40797	-0.21664047	0.13152611	0.13152611	0.8056906	0.0006399311	0.021883955	79.0	200.0925543308258
29	0.0	10.0	10.0	-10.0	97.07895	-0.031485625	3.5564585	11.243321	-11.800917	120000	-0.07956458	-0.0041539483	37.165894	-0.19340515	0.13152611	0.13152611	0.7956459	-0.00020548073	0.021225393	79.0	204.1876802444458
30	0.0	10.0	10.0	-10.0	89.78049	-0.013663417	3.4254107	11.523645	-10.847009	124000	-0.07852445	-0.0041090795	36.875324	-0.16840045	0.19678716	0.19829316	0.7852444	0.00059592794	0.021053312	79.0	281.3593430519104
31	0.0	10.0	10.0	-10.0	78.36957	-0.027980158	3.4051573	11.8076515	-12.042269	128000	-0.07757995	-0.004049691	36.66162	-0.14976883	0.19678716	0.19829316	0.77579945	0.00045782587	0.021193067	79.0	285.59224700927734
32	0.0	10.0	10.0	-10.0	87.90476	0.010961626	3.3948088	11.577074	-11.675307	132000	-0.07668758	-0.0039792173	36.454678	-0.14125188	0.19678716	0.19829316	0.7668758	0.0009612027	0.020566022	79.0	289.89620184898376
33	0.0	10.0	10.0	-10.0	105.088234	-0.013978678	3.2152913	10.860912	-12.058202	136000	-0.07579217	-0.0038853996	36.178474	-0.121629715	0.19678716	0.19829316	0.7579217	0.00037375986	0.01975137	79.0	294.53868341445923
34	0.0	10.0	10.0	-10.0	129.46153	-0.0010980219	3.3264863	12.625491	-12.774238	140000	-0.074916124	-0.0038542065	35.80672	-0.111166	0.19678716	0.19829316	0.7491614	0.0004210152	0.02027742	79.0	298.91897678375244
35	0.0	10.0	10.0	-10.0	100.411766	-0.005530112	3.1233578	11.25468	-11.489507	144000	-0.074103884	-0.0038477567	35.52846	-0.09937986	0.19678716	0.19829316	0.7410388	0.0011276249	0.020534424	79.0	303.54228925704956
36	0.0	10.0	10.0	-10.0	107.51428	-0.029172525	3.2465286	11.697299	-12.450018	148000	-0.073337235	-0.0038254485	35.279583	-0.090293884	0.19678716	0.19829316	0.73337245	0.0010986939	0.020787679	79.0	307.96691846847534
37	0.0	10.0	10.0	-10.0	116.44827	-0.009725888	2.9565322	10.743773	-11.774832	152000	-0.0726215	-0.0038285814	35.014755	-0.08348528	0.19678716	0.19829316	0.72621495	0.0007910303	0.021136269	79.0	312.5182738304138
38	0.0	10.0	10.0	-10.0	104.818184	-0.026371587	2.9370322	10.86164	-11.214424	156000	-0.07193415	-0.0038244873	34.800335	-0.07715225	0.19678716	0.19829316	0.71934146	0.0004920043	0.020802854	79.0	317.04656982421875
39	0.0	10.0	10.0	-10.0	136.28	-0.015311891	2.8538113	10.976894	-11.246043	160000	-0.07121255	-0.0038462107	34.459484	-0.07220713	0.19678716	0.19829316	0.71212536	0.00086582144	0.021380758	79.0	321.6507375240326
40	0.0	10.0	10.0	-10.0	180.57895	0.00033780021	2.6396012	10.932749	-10.003255	164000	-0.070527755	-0.003849838	34.055378	-0.06624794	0.33634534	0.35642567	0.70527744	0.00025735612	0.02075246	79.0	438.87298369407654
41	0.0	10.0	10.0	-10.0	142.25	-0.030385565	2.579491	9.939738	-10.421779	168000	-0.06986587	-0.0038297449	33.76094	-0.06699053	0.33634534	0.35642567	0.69865847	0.00057339604	0.020803541	79.0	443.48260474205017
42	0.0	10.0	10.0	-10.0	204.0	0.0033246707	2.548403	11.297613	-11.934684	172000	-0.069123395	-0.0038781117	33.403122	-0.06687101	0.33634534	0.35642567	0.69123405	0.00027375002	0.020607816	79.0	448.3996260166168
43	0.0	10.0	10.0	-10.0	156.4762	0.010208832	2.4707727	11.230001	-10.578435	176000	-0.06841005	-0.0039538913	33.07496	-0.06703504	0.33634534	0.35642567	0.68410045	0.0011434503	0.02111202	79.0	453.42240810394287
44	0.0	10.0	10.0	-10.0	178.77777	-0.040964562	2.4607701	11.217283	-11.113208	180000	-0.06775592	-0.0038768128	32.712578	-0.06699371	0.33634534	0.35642567	0.6775592	0.000442879	0.020275831	79.0	458.4350996017456
45	0.0	10.0	10.0	-10.0	210.85715	0.0056108055	2.5446475	10.338297	-10.986978	184000	-0.06706616	-0.0039331145	32.332302	-0.065003715	0.33634534	0.35642567	0.6706616	0.0004632034	0.019810572	79.0	463.5509281158447
46	0.0	10.0	10.0	-10.0	192.27777	0.028302941	2.45837	10.966682	-10.996114	188000	-0.06641805	-0.0040844106	31.99843	-0.07288488	0.33634534	0.35642567	0.6641806	0.000976362	0.020973101	79.0	468.6571810245514
47	0.0	10.0	10.0	-10.0	178.85715	0.007059816	2.1984684	9.79099	-9.611748	192000	-0.06582061	-0.0039773895	31.598455	-0.07106272	0.33634534	0.35642567	0.65820605	0.000294226	0.02015818	79.0	473.79798197746277
48	0.0	9.607689	10.0	-10.0	218.53847	-0.010346816	2.0321817	10.270352	-10.137256	196000	-0.06517492	-0.004011532	31.162115	-0.07373396	0.33634534	0.35642567	0.6517491	0.000107695196	0.020660968	79.0	479.05275416374207
49	0.0	10.0	10.0	-10.0	203.76923	-0.009629874	2.101091	11.648049	-11.172441	200000	-0.06454443	-0.004066138	30.740961	-0.07721615	0.33634534	0.35642567	0.6454442	0.0005695938	0.02057057	79.0	484.45161747932434
50	0.0	10.0	10.0	-10.0	199.375	0.0024927421	2.2446215	10.389473	-11.957366	204000	-0.06397704	-0.0040849955	30.406702	-0.080664	0.5331325	0.5828313	0.6397703	0.00014760779	0.02034142	79.0	629.7677221298218
51	0.0	10.0	10.0	-10.0	168.38889	-0.018640189	2.1404734	9.618696	-10.805523	208000	-0.06341363	-0.004135299	30.103607	-0.08715248	0.5331325	0.5828313	0.63413626	0.0005961441	0.020479614	79.0	635.2713468074799
52	0.0	10.0	10.0	-10.0	172.41176	-0.011187555	2.10258	10.108944	-9.985075	212000	-0.0628356	-0.00418438	29.792658	-0.08747355	0.5331325	0.5828313	0.6283558	0.00086637406	0.020527603	79.0	640.8546378612518
53	0.0	10.0	10.0	-10.0	214.5	-0.006616157	1.9481462	11.949475	-11.998038	216000	-0.062332492	-0.004215751	29.43107	-0.088279724	0.5331325	0.5828313	0.6233247	0.0004643742	0.020550642	79.0	646.4719026088715
54	0.0	10.0	10.0	-10.0	184.5	-0.020660123	2.0314682	10.03958	-10.724228	220000	-0.061826583	-0.0042092428	29.068205	-0.08898576	0.5331325	0.5828313	0.6182657	-0.00021930702	0.020136045	79.0	652.0784530639648
55	0.0	9.660918	10.0	-10.0	229.26666	-0.019361945	2.2268033	12.64767	-12.726762	224000	-0.061362337	-0.0042335005	28.697184	-0.08666674	0.5331325	0.5828313	0.61362344	0.0005215103	0.020247927	79.0	657.7827830314636
56	0.0	10.0	10.0	-10.0	228.26666	-0.022185588	2.22838	11.588371	-11.5878315	228000	-0.06092612	-0.004243277	28.410278	-0.08195591	0.5331325	0.5828313	0.6092611	0.0003768706	0.020353688	79.0	663.3819870948792
57	0.0	10.0	10.0	-10.0	272.63635	-0.008702691	2.0162218	12.322182	-13.278656	232000	-0.060539156	-0.00426159	28.054148	-0.07889112	0.5331325	0.5828313	0.6053915	0.00067604444	0.020494632	79.0	669.0383741855621
58	0.0	10.0	10.0	-10.0	282.0	-0.033490278	1.9807702	13.555225	-13.334478	236000	-0.060173202	-0.0042465464	27.697779	-0.07450835	0.5331325	0.5828313	0.60173196	0.0007565306	0.020422965	79.0	674.4910111427307
59	0.0	9.660918	10.0	-10.0	243.4	-0.020276224	1.8776402	10.773275	-11.254828	240000	-0.05981025	-0.004281847	27.396729	-0.071380936	0.5331325	0.5828313	0.5981025	0.0003206708	0.020191025	79.0	680.109486579895
60	0.0	10.0	10.0	-10.0	220.6923	-0.006661009	1.9213538	11.439678	-13.143085	244000	-0.059464376	-0.004278654	27.108847	-0.06546339	0.5060241	0.5783133	0.5946436	0.0004145788	0.02018617	79.0	834.8106789588928
61	0.0	10.0	10.0	-10.0	262.66666	-0.016295448	1.9613885	11.2059355	-12.586711	248000	-0.05911863	-0.0042644776	26.83638	-0.059741974	0.5060241	0.5783133	0.59118617	0.0004895357	0.02040145	79.0	840.5565843582153
62	0.0	10.0	10.0	-10.0	200.72728	-0.008694093	1.979345	10.285849	-11.283253	252000	-0.058779348	-0.004260907	26.541603	-0.05528323	0.5060241	0.5783133	0.5877935	0.00044699773	0.019950505	79.0	846.503716468811
63	0.0	10.0	10.0	-10.0	239.0	0.0015678427	2.0653267	11.647001	-12.714484	256000	-0.058445025	-0.0042443243	26.23832	-0.05002594	0.5060241	0.5783133	0.5844503	0.00038262075	0.020084538	79.0	852.5037479400635
64	0.0	10.0	10.0	-10.0	243.66667	-0.016684692	1.9484562	12.030474	-12.833713	260000	-0.05809846	-0.0042078164	25.95487	-0.04606374	0.5060241	0.5783133	0.58098465	0.00037132335	0.01954262	79.0	858.5227484703064
65	0.0	10.0	10.0	-10.0	277.66666	-0.030693121	2.136723	13.023853	-13.800965	264000	-0.0577552	-0.0041757026	25.709711	-0.041770935	0.5060241	0.5783133	0.5775521	0.00023286999	0.018882519	79.0	864.4449980258942
66	0.0	10.0	10.0	-10.0	285.0	-0.025274517	2.0299714	12.338332	-13.471316	268000	-0.057410788	-0.00416771	25.468359	-0.037871044	0.5060241	0.5783133	0.57410794	-0.00019857411	0.01898167	79.0	870.4401998519897
67	0.0	10.0	10.0	-10.0	203.66667	-0.029165596	1.8400445	9.908433	-10.05092	272000	-0.05708235	-0.0041452483	25.217402	-0.034729004	0.5060241	0.5783133	0.5708236	0.00064867764	0.018409954	79.0	876.5406880378723
68	0.0	9.574271	10.0	-10.0	257.75	-0.023713235	2.001092	10.979621	-11.537993	276000	-0.056761753	-0.004135921	24.981567	-0.032234192	0.5060241	0.5783133	0.5676176	0.00010665801	0.018866694	79.0	882.9035530090332
69	0.0	10.0	10.0	-10.0	243.53847	0.00037677152	2.0037408	11.35904	-12.166312	280000	-0.05648539	-0.0040993555	24.786654	-0.031701725	0.5060241	0.5783133	0.56485397	0.00029879803	0.018700844	79.0	889.1687762737274
70	0.0	10.0	10.0	-10.0	225.25	-0.024930352	1.928489	11.299485	-11.72444	284000	-0.056168843	-0.0040563378	24.573183	-0.02875042	0.5742972	0.6129518	0.5616885	0.000121454825	0.018291177	79.0	1028.9015369415283
71	0.0	10.0	10.0	-10.0	211.41667	-0.006212185	2.0309298	12.163764	-13.027581	288000	-0.05583943	-0.0040412284	24.361664	-0.027217865	0.5742972	0.6129518	0.5583942	2.3758282e-06	0.018117076	79.0	1035.215320110321
72	0.0	10.0	10.0	-10.0	276.33334	-0.011273488	2.107985	11.590593	-12.652528	292000	-0.055534244	-0.004016839	24.159971	-0.024464926	0.5742972	0.6129518	0.5553424	-6.697495e-05	0.018076295	79.0	1041.7502448558807
73	0.0	10.0	10.0	-10.0	186.16667	0.019093392	2.307593	12.322652	-11.569518	296000	-0.055239823	-0.0040466525	24.024956	-0.027481714	0.5742972	0.6129518	0.5523984	0.0006672785	0.017639263	79.0	1048.1747875213623
74	0.0	9.486833	10.0	-10.0	288.7	-0.042757157	1.7858034	10.363795	-10.800185	300000	-0.05500308	-0.0039811768	23.818281	-0.024892488	0.5742972	0.6129518	0.5500309	0.00017087844	0.017739406	79.0	1054.5479319095612
75	0.0	10.0	10.0	-10.0	207.92308	-0.0315495	1.9020613	12.746491	-12.416537	304000	-0.054735433	-0.0039520455	23.624252	-0.023688316	0.5742972	0.6129518	0.5473544	-4.9576876e-05	0.017927468	79.0	1061.1386699676514
76	0.0	9.258201	10.0	-10.0	276.7143	-0.022612274	1.913736	11.138562	-11.488723	308000	-0.054415774	-0.0039641145	23.390928	-0.022609392	0.5742972	0.6129518	0.54415756	0.00015776418	0.01665464	79.0	1067.9168875217438
77	0.0	9.534626	10.0	-10.0	266.0	-0.008784746	1.9629042	13.5448675	-12.185311	312000	-0.05418581	-0.003936345	23.20346	-0.02129046	0.5742972	0.6129518	0.5418582	0.0005447839	0.016651267	79.0	1074.627888917923
78	0.0	10.0	10.0	-10.0	239.18182	-0.020887831	1.9975804	13.645307	-12.193806	316000	-0.05393521	-0.003917591	23.02745	-0.020810127	0.5742972	0.6129518	0.539352	-7.238183e-05	0.016446827	79.0	1081.3951201438904
79	0.0	10.0	10.0	-10.0	178.16667	-0.0054458734	1.9805347	13.465011	-13.259977	320000	-0.053683367	-0.0039094375	22.91774	-0.02013429	0.5742972	0.6129518	0.5368336	0.0004175712	0.01630537	79.0	1088.3576521873474
80	0.0	10.0	10.0	-10.0	270.91666	-0.014334775	2.0066035	12.155403	-12.660849	324000	-0.053439528	-0.0038992595	22.775726	-0.01933384	0.5512048	0.5928715	0.5343952	0.00028163847	0.01602374	79.0	1224.093362569809
81	0.0	10.0	10.0	-10.0	233.16667	0.0053475914	2.0820484	12.915293	-13.058604	328000	-0.053216163	-0.0038768593	22.63257	-0.016254744	0.5512048	0.5928715	0.53216153	0.00012594668	0.016374605	79.0	1230.5947425365448
82	0.0	10.0	10.0	-10.0	217.23077	-0.00907841	1.903091	11.977257	-12.296833	332000	-0.05295031	-0.003939511	22.491013	-0.019323349	0.5512048	0.5928715	0.52950317	2.738424e-05	0.016745662	79.0	1237.4069557189941
83	0.0	10.0	10.0	-10.0	285.1111	-0.024866384	1.691328	11.163297	-11.591828	336000	-0.05283691	-0.0038528815	22.308922	-0.016575178	0.5512048	0.5928715	0.528369	0.00028065656	0.015619787	79.0	1244.3993546962738
84	0.0	10.0	10.0	-10.0	173.88235	0.0029945069	2.2696018	11.646388	-12.139198	340000	-0.052583534	-0.0038392406	22.216047	-0.013954799	0.5512048	0.5928715	0.52583534	0.00016098634	0.015659777	79.0	1251.2446296215057
85	0.0	9.574271	10.0	-10.0	279.75	-0.03065222	1.807768	13.257862	-13.168729	344000	-0.052345008	-0.0038078036	22.074516	-0.01714007	0.5512048	0.5928715	0.5234501	0.000101227255	0.015716298	79.0	1258.3705837726593
86	0.0	10.0	10.0	-10.0	253.18182	-0.0011177331	1.7469293	11.824015	-12.064985	348000	-0.052056372	-0.0038224303	21.929407	-0.014835994	0.5512048	0.5928715	0.52056366	0.0003882047	0.01553565	79.0	1265.651375055313
87	0.0	10.0	10.0	-10.0	206.53334	0.0006223169	2.4285958	12.582597	-13.108958	352000	-0.051840078	-0.0038119263	21.831411	-0.014413516	0.5512048	0.5928715	0.51840067	-8.229873e-05	0.015747283	79.0	1272.928482055664
88	0.0	10.0	10.0	-10.0	254.4	-0.015310207	2.1084142	12.125471	-13.116659	356000	-0.05163471	-0.0037880533	21.716497	-0.01399676	0.5512048	0.5928715	0.5163471	3.957901e-05	0.015934473	79.0	1280.1312170028687
89	0.0	10.0	10.0	-10.0	255.16667	-0.009339718	2.196628	11.881416	-12.314849	360000	-0.051432863	-0.0037840866	21.606691	-0.012147267	0.5512048	0.5928715	0.51432854	-6.266363e-05	0.015995162	79.0	1287.4539203643799
90	0.0	9.42809	10.0	-10.0	343.22223	-0.026978541	1.6811395	11.885002	-12.5540285	364000	-0.051226567	-0.0038172721	21.458725	-0.011781375	0.6365462	0.6787148	0.51226574	0.00014094189	0.015853764	79.0	1430.2779903411865
91	0.0	10.0	10.0	-10.0	288.44446	-0.02986077	1.6818374	12.054404	-12.161562	368000	-0.051140666	-0.0037503515	21.32125	-0.013700168	0.6365462	0.6787148	0.5114067	0.00035126836	0.01635195	79.0	1437.2493195533752
92	0.0	10.0	10.0	-10.0	222.16667	-0.0096717505	1.9433137	12.310069	-12.547483	372000	-0.0509454	-0.0037510265	21.203093	-0.011669795	0.6365462	0.6787148	0.509454	0.00011545757	0.015993144	79.0	1444.7264494895935
93	0.0	10.0	10.0	-10.0	369.5	-0.0053923246	1.455673	9.677123	-11.867751	376000	-0.050771076	-0.0037420902	21.067432	-0.0109119415	0.6365462	0.6787148	0.50771075	9.756249e-05	0.015713854	79.0	1452.2884488105774
94	0.0	10.0	10.0	-10.0	208.21428	-0.024653591	1.8749298	12.317607	-12.222345	380000	-0.050605256	-0.0037163869	20.97672	-0.011122386	0.6365462	0.6787148	0.50605255	0.00010639862	0.015803963	79.0	1459.914559841156
95	0.0	10.0	10.0	-10.0	219.46153	0.0006870495	1.9212255	11.641063	-12.45723	384000	-0.05043086	-0.0037009101	20.86362	-0.010877927	0.6365462	0.6787148	0.5043086	0.00012676335	0.015462075	79.0	1467.4627554416656
96	0.0	9.574271	10.0	-10.0	259.91666	0.0041744024	1.8020551	13.065044	-13.336915	388000	-0.050230574	-0.003707302	20.760748	-0.010273616	0.6365462	0.6787148	0.50230575	0.00010047301	0.01540587	79.0	1475.3024468421936
97	0.0	10.0	10.0	-10.0	227.0	-0.00529678	2.174307	12.810766	-12.372896	392000	-0.050073087	-0.003687401	20.67469	-0.0091969175	0.6365462	0.6787148	0.50073105	0.00019629895	0.015192489	79.0	1483.0146744251251
98	0.0	10.0	10.0	-10.0	289.3	-0.01757692	1.9161272	12.779102	-13.241113	396000	-0.049899254	-0.0037325125	20.564425	-0.010302544	0.6365462	0.6787148	0.4989926	0.00034883284	0.015204598	79.0	1490.402798652649
99	0.0	10.0	10.0	-10.0	248.0	0.01990847	1.9999521	13.731659	-13.3198	400000	-0.049807947	-0.0036908083	20.47295	-0.010133426	0.6365462	0.6787148	0.4980795	0.00032333226	0.015012513	79.0	1498.087453842163
100	0.0	10.0	10.0	-10.0	231.42857	0.009578279	2.1246126	12.375852	-12.568089	404000	-0.049620125	-0.0036599513	20.393148	-0.009298961	0.5602409	0.6209839	0.49620113	-0.00013095218	0.014759809	79.0	1642.6937005519867
101	0.0	8.944272	10.0	-10.0	318.7	0.006744766	1.8309001	12.34655	-12.898966	408000	-0.049417753	-0.0036480569	20.266638	-0.008914311	0.5602409	0.6209839	0.49417755	0.00033581853	0.015147501	79.0	1650.2851703166962
102	0.0	10.0	10.0	-10.0	226.5	0.02507255	2.1095924	12.61027	-12.588298	412000	-0.04921563	-0.0036456522	20.185324	-0.008635521	0.5602409	0.6209839	0.49215618	0.0003976803	0.014943342	79.0	1658.2384405136108
103	0.0	10.0	10.0	-10.0	276.44446	0.0026227862	1.6398299	12.259642	-12.429665	416000	-0.049025625	-0.0036324405	20.065287	-0.008367856	0.5602409	0.6209839	0.49025616	0.00034011513	0.0147527335	79.0	1666.044380903244
104	0.0	10.0	10.0	-10.0	195.3125	0.005520872	1.8849763	11.765491	-11.934183	420000	-0.048831403	-0.003620376	20.00216	-0.008114497	0.5602409	0.6209839	0.48831394	0.00024063229	0.014572906	79.0	1674.0687704086304
105	0.0	10.0	10.0	-10.0	306.7	0.0168137	1.7903141	12.177748	-12.697122	424000	-0.048624247	-0.003616413	19.905127	-0.002228419	0.5602409	0.6209839	0.48624238	-4.936458e-05	0.0144732	79.0	1682.075448513031
106	0.0	10.0	10.0	-10.0	248.0	-0.044269208	1.6674716	13.120171	-12.876617	428000	-0.04843691	-0.0036024388	19.799387	-0.013618787	0.5602409	0.6209839	0.48436904	0.00023535831	0.015790323	79.0	1690.4472324848175
107	0.0	10.0	10.0	-10.0	220.61539	-0.00018285273	2.2069657	12.034464	-12.851164	432000	-0.048157807	-0.0035935845	19.702621	-0.007450422	0.5602409	0.6209839	0.48157802	-5.107996e-05	0.014334937	79.0	1698.7267932891846
108	0.0	10.0	10.0	-10.0	224.07692	-0.013627607	1.8070388	13.41794	-12.234987	436000	-0.04799087	-0.0035896606	19.639421	-0.007552465	0.5602409	0.6209839	0.4799087	0.0003255254	0.014242453	79.0	1706.992561340332
109	0.0	10.0	10.0	-10.0	343.8889	0.0076841703	1.7648654	12.236904	-12.942886	440000	-0.047816236	-0.0035673976	19.537708	-0.005970001	0.5602409	0.6209839	0.4781623	0.00024628374	0.014355265	79.0	1715.382817029953
110	0.0	10.0	10.0	-10.0	317.1111	0.006706914	1.6525161	11.172837	-12.163667	444000	-0.04761221	-0.003549965	19.4392	-0.007813136	0.62048197	0.67921686	0.47612205	0.00029247443	0.014881999	79.0	1858.552648305893
111	0.0	10.0	10.0	-10.0	274.0909	0.008975503	2.001599	13.7441435	-12.610362	448000	-0.047369998	-0.0035292816	19.359644	-0.0071751275	0.62048197	0.67921686	0.47369993	-0.00016011161	0.014508928	79.0	1866.4554057121277
112	0.0	10.0	10.0	-10.0	288.27274	0.02457692	1.9617662	12.733824	-13.472268	452000	-0.047124837	-0.003540165	19.277966	-0.0070060096	0.62048197	0.67921686	0.4712484	0.00051267113	0.0147204725	79.0	1875.2518680095673
113	0.0	10.0	10.0	-10.0	188.21428	-0.002869428	2.0364892	12.041893	-11.994664	456000	-0.04691109	-0.003538416	19.217157	-0.0066836677	0.62048197	0.67921686	0.46911097	0.0010655854	0.0146615915	79.0	1884.0206775665283
114	0.0	10.0	10.0	-10.0	163.8421	-0.016564466	2.047613	12.9846735	-12.67146	460000	-0.046722997	-0.0035336819	19.188398	-0.0065902076	0.62048197	0.67921686	0.46722984	0.00033523573	0.014763676	79.0	1892.9354305267334
115	0.0	10.0	10.0	-10.0	263.72726	0.012101065	2.0104828	13.342252	-12.324243	464000	-0.04652682	-0.0035210073	19.11863	-0.0065997443	0.62048197	0.67921686	0.46526816	0.0003232934	0.014943823	79.0	1901.651441335678
116	0.0	10.0	10.0	-10.0	251.0	-0.0019183722	1.78725	12.062773	-12.144993	468000	-0.04630026	-0.0035192743	19.050539	-0.0040833154	0.62048197	0.67921686	0.4630026	0.00023080265	0.014993626	79.0	1910.6808981895447
117	0.0	10.0	10.0	-10.0	259.25	-0.016606161	2.022021	12.2354145	-12.531438	472000	-0.046084613	-0.0036405742	18.985321	-0.008637111	0.62048197	0.67921686	0.4608462	0.0005252334	0.016407296	79.0	1919.2116601467133
118	0.0	10.0	10.0	-10.0	204.41176	-0.014192805	2.0311785	13.157494	-12.277056	476000	-0.04603306	-0.0035077638	18.941765	-0.0061426163	0.62048197	0.67921686	0.46033046	6.923645e-05	0.014961389	79.0	1928.0884964466095
119	0.0	10.0	10.0	-10.0	307.33334	0.0033991637	2.1272073	12.430528	-12.795419	480000	-0.04578406	-0.00349579	18.869097	-0.0045744576	0.62048197	0.67921686	0.4578406	0.00016853893	0.015127626	79.0	1937.0706250667572
120	0.0	10.0	10.0	-10.0	274.91666	0.015211027	1.9999024	13.357111	-12.37464	484000	-0.045541037	-0.003485985	18.799646	-0.006556829	0.5813253	0.6380522	0.45541027	0.00028501233	0.014754425	79.0	2082.7170917987823
121	0.0	9.486833	10.0	-10.0	326.8	-0.016179208	1.9257263	12.20646	-12.927428	488000	-0.045256764	-0.0034691996	18.719465	-0.006497065	0.5813253	0.6380522	0.45256767	0.00029807017	0.014813994	79.0	2091.5086731910706
122	0.0	10.0	10.0	-10.0	258.63635	-0.005029496	2.0872815	12.669264	-12.467502	492000	-0.04501384	-0.00349285	18.647617	-0.0039717355	0.5813253	0.6380522	0.45013836	0.00026844468	0.014826819	79.0	2100.5688190460205
123	0.0	9.534626	10.0	-10.0	215.18182	-0.027539656	1.6337625	12.190457	-12.368358	496000	-0.044823557	-0.0034491036	18.565012	-0.006960551	0.5813253	0.6380522	0.4482356	0.00069961464	0.014369207	79.0	2109.8806807994843
124	0.0	10.0	10.0	-10.0	324.1111	0.0043042665	1.7802868	12.683137	-12.145775	500000	-0.04453951	-0.0034572557	18.49483	-0.0053628287	0.5813253	0.6380522	0.44539508	0.0003660646	0.014531531	79.0	2119.56188082695
125	0.0	9.574271	10.0	-10.0	256.75	0.008173075	1.6350594	12.284845	-12.091928	504000	-0.044313412	-0.003460449	18.426867	-0.0051787696	0.5813253	0.6380522	0.44313416	6.463577e-05	0.014736959	79.0	2128.8975055217743
126	0.0	10.0	10.0	-10.0	205.8	-0.0076614534	2.0851731	11.772717	-12.385086	508000	-0.04409632	-0.0034310955	18.400766	-0.0052248635	0.5813253	0.6380522	0.44096315	7.492624e-05	0.014499736	79.0	2138.2501633167267
127	0.0	10.0	10.0	-10.0	226.3	0.005390129	1.6095062	10.92755	-11.043397	512000	-0.043839764	-0.0034410998	18.334541	-0.0049708686	0.5813253	0.6380522	0.43839756	0.00032780587	0.014478345	79.0	2147.6600420475006
128	0.0	10.0	10.0	-10.0	219.92308	-0.006193714	1.9183102	11.9463825	-12.435621	516000	-0.04362933	-0.0034281176	18.29193	-0.0051053367	0.5813253	0.6380522	0.43629315	-3.0541636e-05	0.014520335	79.0	2157.407024383545
129	0.0	9.660918	10.0	-10.0	227.86667	-0.0038799185	1.944385	12.202413	-12.277166	520000	-0.043378223	-0.0034333288	18.250689	-0.004899025	0.5813253	0.6380522	0.4337822	0.00073147257	0.014913953	79.0	2166.9510917663574
130	0.0	10.0	10.0	-10.0	277.25	-0.0009837819	1.5907835	12.505491	-12.468176	524000	-0.04317837	-0.0034109857	18.213627	-0.004853884	0.5783133	0.6420683	0.43178365	6.143927e-05	0.014133409	79.0	2325.1176056861877
131	0.0	10.0	10.0	-10.0	246.16667	0.003544546	1.933119	12.511922	-12.148925	528000	-0.04294839	-0.003412641	18.167212	-0.0038954418	0.5783133	0.6420683	0.42948392	8.501485e-05	0.014755286	79.0	2334.6725397109985
132	0.0	10.0	10.0	-10.0	238.71428	-0.034809235	1.6619533	10.258439	-12.092548	532000	-0.042727113	-0.0033904854	18.137812	-0.0030136108	0.5783133	0.6420683	0.42727104	0.00017227272	0.014357403	79.0	2344.2820739746094
133	0.0	10.0	10.0	-10.0	271.27274	0.012491625	1.8432144	11.54729	-11.592461	536000	-0.042471558	-0.003463968	18.081526	-0.005457878	0.5783133	0.6420683	0.42471552	0.000117595795	0.015027153	79.0	2353.7281811237335
134	0.0	10.0	10.0	-10.0	170.35294	-0.058395367	1.5885261	12.082708	-12.528091	540000	-0.04229339	-0.0033845517	18.065496	-0.0051924386	0.5783133	0.6420683	0.4229339	0.00019124248	0.01457198	79.0	2363.519280910492
135	0.0	10.0	10.0	-10.0	212.75	-0.025362158	1.7488816	10.488627	-12.082094	544000	-0.042064324	-0.003359979	18.058718	-0.0055678687	0.5783133	0.6420683	0.4206432	0.00061377924	0.014163981	79.0	2373.3253738880157
136	0.0	10.0	10.0	-10.0	216.52942	0.011817067	2.015352	11.785266	-13.002538	548000	-0.041786075	-0.0033664473	18.037344	-0.0047540665	0.5783133	0.6420683	0.41786066	-0.00018874988	0.013866968	79.0	2383.2156348228455
137	0.0	9.354143	10.0	-10.0	377.125	0.00049826596	1.5978975	13.323346	-14.37489	552000	-0.041581754	-0.0033579823	17.952534	-0.004070282	0.5783133	0.6420683	0.41581747	8.165542e-05	0.013870754	79.0	2392.9189324378967
138	0.0	9.701425	10.0	-10.0	201.17647	-0.007856733	1.9463252	11.459168	-12.22811	556000	-0.041351553	-0.0033909623	17.915861	-0.005042076	0.5783133	0.6420683	0.41351557	0.00049753085	0.014783668	79.0	2402.496575117111
139	0.0	10.0	10.0	-10.0	230.38461	0.0008079327	1.8518591	12.163938	-12.212015	560000	-0.041192688	-0.003345664	17.871729	-0.004590988	0.5783133	0.6420683	0.41192698	0.00041607267	0.01400597	79.0	2412.562564611435
140	0.0	10.0	10.0	-10.0	217.25	-0.003570812	1.8389456	12.034037	-12.068029	564000	-0.04095486	-0.0033403568	17.824566	-0.004508972	0.5562249	0.6480923	0.40954867	0.00023275416	0.01426249	79.0	2576.9596738815308
141	0.0	10.0	10.0	-10.0	342.44446	-0.009469885	1.6550921	13.337523	-12.026346	568000	-0.040725354	-0.0033309169	17.763296	-0.004678726	0.5562249	0.6480923	0.4072534	0.00044899224	0.0140730515	79.0	2586.9216859340668
142	0.0	10.0	10.0	-10.0	217.0	-0.0042393724	1.9869637	11.262352	-12.22208	572000	-0.040459037	-0.0033344708	17.737871	-0.0045731864	0.5562249	0.6480923	0.4045904	0.00018281049	0.014124264	79.0	2596.8232655525208
143	0.0	10.0	10.0	-10.0	229.4	-0.009471565	1.8273634	11.528118	-13.000448	576000	-0.0402436	-0.0033258505	17.722414	-0.0045340857	0.5562249	0.6480923	0.40243593	0.00050470704	0.014295545	79.0	2607.1430490016937
144	0.0	10.0	10.0	-10.0	236.13333	-0.0034316052	1.8895612	12.181128	-12.344269	580000	-0.040020026	-0.003314143	17.695246	-0.0045839944	0.5562249	0.6480923	0.40020034	6.174223e-05	0.014026095	79.0	2617.5590608119965
145	0.0	10.0	10.0	-10.0	332.3	-0.0028000171	1.8344278	11.961746	-13.849595	584000	-0.039796513	-0.0033148944	17.63675	-0.0044584274	0.5562249	0.6480923	0.3979651	0.00026087824	0.014257409	79.0	2628.205368041992
146	0.0	10.0	10.0	-10.0	220.85715	-0.012199386	1.7946178	12.856029	-12.052231	588000	-0.03957681	-0.003317427	17.611464	-0.0037724178	0.5562249	0.6480923	0.39576805	-6.977727e-05	0.014424288	79.0	2638.553617954254
147	0.0	10.0	10.0	-10.0	217.53334	-0.017433291	1.9512764	11.578524	-13.0759735	592000	-0.03937198	-0.003303095	17.582071	-0.004514694	0.5562249	0.6480923	0.39371988	-5.9445494e-05	0.013974279	79.0	2649.2429893016815
148	0.0	10.0	10.0	-10.0	240.5	-0.0019403176	1.5038965	11.729071	-12.141849	596000	-0.03913718	-0.003370392	17.541801	-0.0050322213	0.5562249	0.6480923	0.39137182	0.0005307531	0.015826227	79.0	2659.541250228882
149	0.0	10.0	10.0	-10.0	209.06667	0.012985608	2.0998297	13.043642	-13.982582	600000	-0.03902055	-0.0033070687	17.515472	-0.0040073395	0.5562249	0.6480923	0.39020553	0.00044874032	0.015154321	79.0	2670.244663953781
150	0.0	10.0	10.0	-10.0	186.0	-0.007609781	1.9021813	11.1521015	-12.382099	604000	-0.038795695	-0.0032849342	17.491869	-0.004857699	0.5532128	0.6531125	0.387957	0.0004755231	0.014241062	79.0	2833.634019136429
151	0.0	10.0	10.0	-10.0	186.11765	-0.0089755375	1.8950948	11.81415	-12.220293	608000	-0.038541075	-0.003282883	17.471668	-0.0041980743	0.5532128	0.6531125	0.38541067	0.0003502425	0.014843792	79.0	2843.635776758194
152	0.0	10.0	10.0	-10.0	241.75	-0.011472771	1.8306047	12.140969	-12.259486	612000	-0.038332757	-0.0032819074	17.42626	-0.0039068856	0.5532128	0.6531125	0.38332748	-6.4198015e-05	0.015071444	79.0	2854.502254009247
153	0.0	10.0	10.0	-10.0	231.5	0.0130826775	1.9988703	12.020555	-11.482239	616000	-0.03813308	-0.0032653224	17.403479	-0.0038461685	0.5532128	0.6531125	0.38133088	0.0004408057	0.014383701	79.0	2864.7027564048767
154	0.0	10.0	10.0	-10.0	213.61539	-0.011756402	1.893959	12.216284	-12.414286	620000	-0.037914544	-0.003301292	17.376339	-0.0045080185	0.5532128	0.6531125	0.37914553	-2.028566e-05	0.015228131	79.0	2875.6472215652466
155	0.0	9.574271	10.0	-10.0	297.75	0.0057016136	1.7574904	12.743125	-11.890094	624000	-0.037769005	-0.0032651518	17.335579	-0.0035584767	0.5532128	0.6531125	0.37769017	0.00029855804	0.01445917	79.0	2886.4767978191376
156	0.0	10.0	10.0	-10.0	226.46153	-0.0035110319	1.792836	11.654399	-12.193927	628000	-0.037560515	-0.0032746631	17.307726	-0.00434494	0.5532128	0.6531125	0.3756052	-0.0001481028	0.014689053	79.0	2897.0829157829285
157	0.0	10.0	10.0	-10.0	187.28572	-0.008628345	1.8311353	11.393971	-12.974045	632000	-0.037369516	-0.003257862	17.276688	-0.003858884	0.5532128	0.6531125	0.37369522	-0.00016380353	0.014433738	79.0	2907.6441836357117
158	0.0	10.0	10.0	-10.0	231.92308	-0.017849604	2.0900424	11.756477	-12.558798	636000	-0.037174936	-0.0032451085	17.241201	-0.003833135	0.5532128	0.6531125	0.3717495	2.3168957e-05	0.014797029	79.0	2918.1327242851257
159	0.0	10.0	10.0	-10.0	203.64285	-0.005448104	1.9553522	12.066169	-11.974886	640000	-0.036959987	-0.0032410242	17.221281	-0.0037956238	0.5532128	0.6531125	0.36959985	-0.00014862359	0.0146826515	79.0	2928.83137011528
160	0.0	10.0	10.0	-10.0	291.22223	-0.01080571	1.8481575	11.8188	-12.600495	644000	-0.03675947	-0.0032374586	17.179502	-0.0035568874	0.5421687	0.64457834	0.36759463	0.000512957	0.01429302	79.0	3106.8326835632324
161	0.0	10.0	10.0	-10.0	228.83333	-0.0027437792	1.9032917	11.87366	-12.139303	648000	-0.03657634	-0.0032425604	17.135025	-0.0036433537	0.5421687	0.64457834	0.3657634	-0.00015388719	0.014241093	79.0	3117.4268715381622
162	0.0	10.0	10.0	-10.0	219.71428	-0.0032446778	2.1207645	12.114578	-12.708945	652000	-0.03640693	-0.0032328833	17.108675	-0.0035003026	0.5421687	0.64457834	0.36406934	0.00031004383	0.014242771	79.0	3128.4353034496307
163	0.0	10.0	10.0	-10.0	235.25	-0.009978625	1.894153	12.071056	-12.288229	656000	-0.03622781	-0.0032168422	17.082357	-0.002916972	0.5421687	0.64457834	0.36227807	0.00042827	0.014734246	79.0	3139.722821712494
164	0.0	10.0	10.0	-10.0	239.76923	0.019364577	1.9094175	11.969302	-12.876114	660000	-0.036021523	-0.0032388538	17.056616	-0.0021298726	0.5421687	0.64457834	0.36021522	0.0003577317	0.014543331	79.0	3151.012484073639
165	0.0	10.0	10.0	-10.0	259.0	-0.054635167	2.0140104	13.693466	-12.144731	664000	-0.03587833	-0.00327247	17.026009	-0.0045394897	0.5421687	0.64457834	0.35878325	0.00025932523	0.015653454	79.0	3162.6022758483887
166	0.0	10.0	10.0	-10.0	218.57143	-0.0022400264	1.7727836	11.865541	-13.029966	668000	-0.035780963	-0.0032239314	17.002924	-0.0018021265	0.5421687	0.64457834	0.35780963	-2.7422802e-05	0.015195585	79.0	3174.088828086853
167	0.0	10.0	10.0	-10.0	253.92857	0.0060459273	1.8827813	11.810232	-11.9250765	672000	-0.03560076	-0.0033173591	16.985222	-0.005654653	0.5421687	0.64457834	0.35600755	0.00017122191	0.016351918	79.0	3185.320097208023
168	0.0	10.0	10.0	-10.0	211.625	-0.022456788	2.2539458	12.046409	-12.068223	676000	-0.035503764	-0.0031781942	16.965036	-0.0032936733	0.5421687	0.64457834	0.3550377	0.00029069142	0.014811409	79.0	3197.541638612747
169	0.0	10.0	10.0	-10.0	296.1	-0.016271625	1.832256	11.862101	-11.936256	680000	-0.035283286	-0.0031667228	16.930746	-0.0016539892	0.5421687	0.64457834	0.35283282	-0.00020052651	0.014546163	79.0	3208.884204387665
170	0.0	10.0	10.0	-10.0	231.0	-0.051986147	1.8864703	10.666668	-11.877373	684000	-0.03509267	-0.0031542915	16.92153	-0.0046803155	0.5853414	0.67921686	0.35092664	0.00026136218	0.014313291	79.0	3380.9196693897247
171	0.0	9.574271	10.0	-10.0	255.0	-0.020676054	1.9818753	10.886824	-11.863974	688000	-0.034900073	-0.0031516578	16.878942	-0.00303936	0.5853414	0.67921686	0.3490007	0.00024927445	0.014350106	79.0	3391.9873464107513
172	0.0	10.0	10.0	-10.0	205.41176	-0.009411055	1.7826401	11.059975	-11.576756	692000	-0.034713108	-0.0031454053	16.87734	-0.0021855037	0.5853414	0.67921686	0.3471311	0.0001453183	0.014460269	79.0	3403.804045677185
173	0.0	10.0	10.0	-10.0	240.58333	0.01326552	1.9350694	11.624456	-11.99068	696000	-0.034516502	-0.00315198	16.85061	-0.0034605663	0.5853414	0.67921686	0.345165	0.00010574089	0.014400895	79.0	3415.61399435997
174	0.0	10.0	10.0	-10.0	189.26666	-0.005245813	2.0887887	11.593702	-12.492306	700000	-0.03433681	-0.0031530876	16.839245	-0.0031410854	0.5853414	0.67921686	0.34336814	0.00016703705	0.01456957	79.0	3427.2145369052887
175	0.0	10.0	10.0	-10.0	252.46153	-0.025795	2.0011187	12.199098	-12.546341	704000	-0.034172818	-0.003135809	16.819277	-0.0028422673	0.5853414	0.67921686	0.34172818	9.027696e-05	0.014379437	79.0	3438.8090250492096
176	0.0	10.0	10.0	-10.0	183.0	0.0034929253	2.194948	12.243213	-12.583383	708000	-0.033995274	-0.0031266597	16.810102	-0.0027666092	0.5853414	0.67921686	0.33995274	0.00011239095	0.014148329	79.0	3451.274631023407
177	0.0	10.0	10.0	-10.0	239.66667	0.0008220193	1.8018293	11.991397	-13.228694	712000	-0.033809736	-0.003124491	16.77596	-0.0027589798	0.5853414	0.67921686	0.33809733	0.00014690301	0.014147575	79.0	3463.2000851631165
178	0.0	10.0	10.0	-10.0	194.3125	-0.0074634897	2.0057077	10.747213	-12.08453	716000	-0.033635654	-0.0031251956	16.7642	-0.0023816426	0.5853414	0.67921686	0.33635655	2.0324254e-05	0.014157313	79.0	3475.5127234458923
179	0.0	10.0	10.0	-10.0	191.64285	-0.018319892	2.102625	11.058015	-11.809187	720000	-0.033499565	-0.0031492196	16.744692	-0.0005499522	0.5853414	0.67921686	0.33499572	0.00029473135	0.015585725	79.0	3487.8589947223663
180	0.0	10.0	10.0	-10.0	169.85715	-0.047959216	2.1920369	11.666128	-12.454898	724000	-0.033395957	-0.0031492736	16.7548	-0.0053256354	0.5461847	0.65863454	0.3339595	0.0007741847	0.01452281	79.0	3664.7717578411102
181	0.0	9.660918	10.0	-10.0	201.46666	0.0026792367	1.971946	11.869836	-12.103755	728000	-0.033235405	-0.003104832	16.71903	-0.0025577545	0.5461847	0.65863454	0.33235404	0.00038674296	0.014269077	79.0	3676.7432868480682
182	0.0	10.0	10.0	-10.0	205.07143	-0.009403909	1.8843975	11.450299	-12.402261	732000	-0.03309021	-0.0031208165	16.700087	-0.0027869542	0.5461847	0.65863454	0.33090213	0.00027811667	0.0146423755	79.0	3689.478176355362
183	0.0	10.0	10.0	-10.0	192.94118	-0.0071420907	1.9267632	11.85581	-12.689355	736000	-0.032982204	-0.0031035275	16.687498	-0.0026391346	0.5461847	0.65863454	0.32982197	0.00028657747	0.014461473	79.0	3701.859038591385
184	0.0	10.0	10.0	-10.0	209.6	-0.0027264336	2.0275786	11.433786	-11.677815	740000	-0.032811884	-0.0030955728	16.669786	-0.0025672913	0.5461847	0.65863454	0.32811886	4.7117082e-05	0.014389389	79.0	3715.136037349701
185	0.0	10.0	10.0	-10.0	215.85715	-0.007820905	2.093463	12.269261	-12.60533	744000	-0.03265952	-0.0030893025	16.651552	-0.0024172466	0.5461847	0.65863454	0.32659522	1.8135275e-06	0.014176811	79.0	3728.0053656101227
186	0.0	9.607689	10.0	-10.0	225.07692	0.001417573	1.6772008	11.394281	-11.493	748000	-0.032500163	-0.003086739	16.62406	-0.0026944478	0.5461847	0.65863454	0.32500154	0.00041505732	0.014116389	79.0	3740.870944261551
187	0.0	10.0	10.0	-10.0	203.35715	-0.00072396745	2.1627913	12.071517	-12.492179	752000	-0.03234574	-0.0030857201	16.603708	-0.0013246536	0.5461847	0.65863454	0.3234574	8.53205e-05	0.014219006	79.0	3753.4397559165955
188	0.0	10.0	10.0	-10.0	180.05882	-0.0032003762	1.9792677	12.472125	-12.9707	756000	-0.03218047	-0.00311643	16.600838	-0.0036697388	0.5461847	0.65863454	0.32180458	-5.809008e-06	0.015140802	79.0	3766.813586473465
189	0.0	10.0	10.0	-10.0	263.0	0.0053708	1.8326478	12.129776	-12.251486	760000	-0.03204015	-0.003078917	16.570173	-0.0024143856	0.5461847	0.65863454	0.32040158	-7.6117525e-05	0.014386096	79.0	3779.183933496475
190	0.0	10.0	10.0	-10.0	218.64285	-0.008301212	1.8432066	11.344162	-12.048517	764000	-0.03188549	-0.0030718688	16.56207	-0.0023768742	0.59839356	0.7008032	0.31885493	3.784886e-05	0.01405332	79.0	3952.0847845077515
191	0.0	10.0	10.0	-10.0	202.4	-0.0070121577	2.1473136	12.300007	-12.210209	768000	-0.031735692	-0.003066048	16.54703	-0.0014460882	0.59839356	0.7008032	0.3173569	3.6773457e-05	0.014206264	79.0	3965.089928627014
192	0.0	10.0	10.0	-10.0	218.4	-0.024072489	1.9651421	11.317289	-11.433023	772000	-0.031598117	-0.0031241311	16.541756	-0.003306071	0.59839356	0.7008032	0.31598112	0.00030504624	0.015112911	79.0	3978.1321029663086
193	0.0	10.0	10.0	-10.0	260.72726	-0.010130755	1.8870118	12.6484585	-11.948704	776000	-0.03156621	-0.0030573104	16.509903	-0.0024089813	0.59839356	0.7008032	0.31566206	0.00038282745	0.014052067	79.0	3990.7702417373657
194	0.0	10.0	10.0	-10.0	253.0	-0.005217039	1.8073746	12.730732	-11.631031	780000	-0.03136838	-0.0030513525	16.495504	-0.0023142498	0.59839356	0.7008032	0.31368384	5.105774e-05	0.01416609	79.0	4004.031099319458
195	0.0	9.682458	10.0	-10.0	210.25	-0.0063432534	1.9588399	11.103226	-11.592523	784000	-0.031217003	-0.0030469985	16.478659	-0.0022888184	0.59839356	0.7008032	0.31217006	-4.339628e-05	0.014388751	79.0	4016.6991181373596
196	0.0	10.0	10.0	-10.0	198.53334	0.010489107	1.9099715	11.908465	-12.711823	788000	-0.03107964	-0.0030429868	16.464998	-0.0014756521	0.59839356	0.7008032	0.31079635	5.4730433e-05	0.014264263	79.0	4029.7831020355225
197	0.0	10.0	10.0	-10.0	238.92308	0.007374161	1.8572202	11.94839	-12.50218	792000	-0.030922666	-0.0030741647	16.449781	-0.0014209747	0.59839356	0.7008032	0.3092266	7.972662e-05	0.014667445	79.0	4042.4757800102234
198	0.0	10.0	10.0	-10.0	217.57143	0.043198794	2.1642227	11.31572	-12.739721	796000	-0.03081423	-0.003034474	16.423494	-0.0039790473	0.59839356	0.7008032	0.30814224	0.00029762278	0.013795202	79.0	4055.306209087372
199	0.0	10.0	10.0	-10.0	180.61539	-0.009144509	1.917506	12.700888	-12.177305	800000	-0.030631512	-0.003028731	16.400564	-0.0023091633	0.59839356	0.7008032	0.30631512	0.00022740815	0.014167919	79.0	4068.0484352111816
200	0.0	10.0	10.0	-10.0	343.7	-0.0024427164	2.0044227	13.263132	-12.132019	804000	-0.030457214	-0.0030311288	16.367819	-0.0021886826	0.5692771	0.6857429	0.3045721	0.00018061021	0.0144118	79.0	4247.073241233826
201	0.0	10.0	10.0	-10.0	203.6875	-0.0014145129	2.0124621	11.941503	-12.280339	808000	-0.030326715	-0.0030289574	16.354317	-0.0018488566	0.5692771	0.6857429	0.30326715	6.498445e-05	0.014386912	79.0	4260.457909107208
202	0.0	10.0	10.0	-10.0	262.16666	-0.024341282	1.6240633	13.034788	-11.27199	812000	-0.030194983	-0.003045393	16.331808	-0.00021807353	0.5692771	0.6857429	0.30194995	1.72479e-05	0.015198696	79.0	4273.318517446518
203	0.0	10.0	10.0	-10.0	242.36363	0.041613627	1.7988181	12.100509	-11.992444	816000	-0.030083561	-0.0030248354	16.309359	-0.0039041836	0.5692771	0.6857429	0.30083558	0.00024987213	0.014121351	79.0	4286.421580553055
204	0.0	10.0	10.0	-10.0	214.28572	0.011238032	1.9471686	12.308377	-11.889003	820000	-0.029950388	-0.0030362308	16.278576	-0.0028748512	0.5692771	0.6857429	0.2995039	0.00011949891	0.014128152	79.0	4299.532309055328
205	0.0	10.0	10.0	-10.0	227.35715	-0.0017733072	2.021819	12.933568	-11.806047	824000	-0.029728055	-0.0030096949	16.261003	-0.0021634102	0.5692771	0.6857429	0.29728064	4.4467597e-05	0.013679334	79.0	4312.918170213699
206	0.0	10.0	10.0	-10.0	219.41667	-0.008015374	1.9346308	11.990177	-12.721062	828000	-0.029572954	-0.003010743	16.235601	-0.0020397503	0.5692771	0.6857429	0.29572955	0.0001755469	0.0143785095	79.0	4326.1177299022675
207	0.0	10.0	10.0	-10.0	254.77777	0.0007595806	1.565364	10.929523	-11.395294	832000	-0.029463803	-0.0030038543	16.202494	-0.0017371178	0.5692771	0.6857429	0.294638	0.00012472669	0.0138112875	79.0	4340.219271183014
208	0.0	10.0	10.0	-10.0	210.25	0.023017403	2.2864733	12.788272	-12.745087	836000	-0.029259264	-0.0029952582	16.18972	-0.002708912	0.5692771	0.6857429	0.29259273	0.00023382052	0.013590145	79.0	4354.315907239914
209	0.0	10.0	10.0	-10.0	223.0	0.010880939	1.6330698	11.75992	-12.756328	840000	-0.029105008	-0.0030101351	16.177818	-0.0022300084	0.5692771	0.6857429	0.29105002	6.7478927e-06	0.014108751	79.0	4368.074877977371
210	0.0	10.0	10.0	-10.0	250.83333	0.00041540107	1.8324246	11.671578	-12.166114	844000	-0.029048903	-0.0029884677	16.149603	-0.00070317584	0.5712852	0.68323296	0.29048896	3.5459136e-05	0.013759613	79.0	4555.900964021683
211	0.0	10.0	10.0	-10.0	249.15384	-0.020533673	1.8286843	11.436686	-11.883812	848000	-0.028908111	-0.0030379407	16.134787	-0.0029188793	0.5712852	0.68323296	0.28908116	0.00016252862	0.0147476485	79.0	4569.665078878403
212	0.0	10.0	10.0	-10.0	217.71428	0.030841533	2.0973008	11.759499	-11.750944	852000	-0.02876918	-0.003011693	16.114616	-0.0027545292	0.5712852	0.68323296	0.28769174	0.00059547223	0.014151475	79.0	4584.406423568726
213	0.0	10.0	10.0	-10.0	226.92308	-0.0042303447	1.8557291	11.52686	-11.815489	856000	-0.028747266	-0.0029738455	16.097235	-0.0021913846	0.5712852	0.68323296	0.28747258	2.4638206e-05	0.013809956	79.0	4598.136414051056
214	0.0	10.0	10.0	-10.0	249.90909	-0.01364699	1.6744239	11.535626	-12.403416	860000	-0.028595231	-0.0029682678	16.074842	-0.0020095508	0.5712852	0.68323296	0.28595233	1.5124708e-05	0.013895291	79.0	4612.104043006897
215	0.0	10.0	10.0	-10.0	249.92308	-0.013949401	1.9021627	11.440583	-12.04658	864000	-0.02845548	-0.002972396	16.054214	-0.0022033055	0.5712852	0.68323296	0.28455484	0.00011708899	0.013670499	79.0	4626.2116594314575
216	0.0	10.0	10.0	-10.0	164.73685	-0.010169463	2.0333185	11.678509	-12.121414	868000	-0.028283736	-0.0029667644	16.070478	-0.002090772	0.5712852	0.68323296	0.2828373	6.642925e-07	0.013632872	79.0	4640.816399097443
217	0.0	10.0	10.0	-10.0	215.53334	-0.0072934567	1.9365613	12.542419	-12.271757	872000	-0.028164579	-0.002958293	16.053253	-0.002052943	0.5712852	0.68323296	0.28164586	0.00033607226	0.01390783	79.0	4654.863710165024
218	0.0	10.0	10.0	-10.0	193.93333	-0.020443603	1.849924	11.734013	-12.203929	876000	-0.028038023	-0.0029537186	16.05005	-0.0019688606	0.5712852	0.68323296	0.28038028	-0.0001745493	0.013789475	79.0	4669.771817922592
219	0.0	10.0	10.0	-10.0	182.75	-0.00381443	1.9834182	11.982862	-12.867546	880000	-0.027908927	-0.002951875	16.037071	-0.0012818972	0.5712852	0.68323296	0.27908924	1.6054915e-05	0.01366992	79.0	4684.708637475967
220	0.0	10.0	10.0	-10.0	230.36363	-0.019008545	1.8423666	12.375237	-11.694776	884000	-0.027810534	-0.0030008603	16.010809	0.0004169146	0.58032125	0.690763	0.2781054	0.0005463283	0.015236956	79.0	4872.050731897354
221	0.0	10.0	10.0	-10.0	278.5	0.0030412101	1.8007967	12.222312	-12.106257	888000	-0.027815586	-0.0030602363	15.986094	-0.005338987	0.58032125	0.690763	0.2781559	-0.00025341948	0.016053217	79.0	4886.396240234375
222	0.0	10.0	10.0	-10.0	266.75	-0.00788593	1.7669216	12.417061	-12.467112	892000	-0.027792642	-0.002942862	15.959625	-0.001979987	0.58032125	0.690763	0.27792642	0.0005131378	0.013774986	79.0	4900.703480243683
223	0.0	10.0	10.0	-10.0	217.23077	-0.0144855315	1.9338448	12.689767	-12.511615	896000	-0.027621659	-0.002931494	15.942318	-0.001920859	0.58032125	0.690763	0.2762166	0.00015092	0.013511279	79.0	4915.127645015717
224	0.0	10.0	10.0	-10.0	185.75	-0.007080882	1.7101096	11.875723	-12.324356	900000	-0.027454272	-0.0029366876	15.917725	-0.0017631849	0.58032125	0.690763	0.27454275	-0.00045810975	0.013649761	79.0	4929.684911489487
225	0.0	10.0	10.0	-10.0	206.375	0.014694506	2.109658	12.362612	-11.619056	904000	-0.027273623	-0.0029403411	15.9113035	-0.0019330978	0.58032125	0.690763	0.27273622	-3.538438e-05	0.014076577	79.0	4944.284802675247
226	0.0	10.0	10.0	-10.0	219.625	0.015033312	2.1441724	11.750149	-11.721368	908000	-0.027196651	-0.0029341464	15.907115	-0.0023783047	0.58032125	0.690763	0.2719666	0.00034900184	0.013981492	79.0	4959.517857313156
227	0.0	10.0	10.0	-10.0	200.35294	-0.004643245	2.0071282	11.749043	-11.930421	912000	-0.027120939	-0.0029201787	15.895114	-0.0018342336	0.58032125	0.690763	0.27120933	0.0002703015	0.013820838	79.0	4974.121739864349
228	0.0	10.0	10.0	-10.0	216.92308	-0.009565009	1.9072273	11.675183	-13.064288	916000	-0.026960501	-0.00292327	15.878301	-0.0020573933	0.58032125	0.690763	0.269605	0.00023781562	0.0131217465	79.0	4988.911552429199
229	0.0	9.42809	10.0	-10.0	341.44446	0.0023246217	1.8287541	13.088965	-12.5583105	920000	-0.026799569	-0.0029235787	15.842298	-0.0001853307	0.58032125	0.690763	0.2679956	0.00013501917	0.013339426	79.0	5004.29048871994
230	0.0	10.0	10.0	-10.0	173.46666	0.037705142	1.8292967	12.507888	-12.489354	924000	-0.026636569	-0.0029189133	15.831576	-0.0032583873	0.6064257	0.70582324	0.26636577	-0.00023061484	0.013020054	79.0	5192.365231752396
231	0.0	10.0	10.0	-10.0	213.52942	-0.0059495475	2.0795972	12.514596	-12.31167	928000	-0.026531389	-0.0029483784	15.825076	-0.0024116833	0.6064257	0.70582324	0.26531395	0.0005848966	0.013703358	79.0	5207.610569238663
232	0.0	10.0	10.0	-10.0	191.375	-0.009840848	2.011469	13.647864	-12.205177	932000	-0.02649162	-0.002918476	15.815051	-0.0018676122	0.6064257	0.70582324	0.26491618	0.0003187991	0.013410407	79.0	5223.23472738266
233	0.0	10.0	10.0	-10.0	225.125	-0.017612899	1.8376356	11.587856	-11.873801	936000	-0.02632233	-0.0029135698	15.806538	-0.0012216568	0.6064257	0.70582324	0.26322326	0.00020120274	0.013554688	79.0	5238.64937376976
234	0.0	10.0	10.0	-10.0	190.64285	-0.024767611	1.8207774	11.891205	-12.134908	940000	-0.026192358	-0.0029689325	15.793439	-0.0018707911	0.6064257	0.70582324	0.2619235	-7.222666e-05	0.014170554	79.0	5253.937039136887
235	0.0	10.0	10.0	-10.0	209.8	0.01967486	1.8300015	11.195892	-12.192802	944000	-0.025992664	-0.0029458513	15.789383	-0.002363046	0.6064257	0.70582324	0.2599266	-2.4386589e-05	0.013562821	79.0	5269.276283740997
236	0.0	10.0	10.0	-10.0	209.23077	-0.017859874	2.0649915	12.764185	-12.898605	948000	-0.025827123	-0.0029280058	15.767346	-0.0019949276	0.6064257	0.70582324	0.2582712	-0.00014758018	0.013816559	79.0	5285.9748322963715
237	0.0	10.0	10.0	-10.0	220.85715	-0.00032521572	1.9306482	13.55524	-12.361798	952000	-0.025688672	-0.0029158716	15.76002	-0.0012809435	0.6064257	0.70582324	0.25688678	-2.776746e-05	0.013548738	79.0	5301.603050708771
238	0.0	10.0	10.0	-10.0	230.21428	-0.02239496	1.6056224	10.865795	-11.524519	956000	-0.025562711	-0.0029352782	15.761674	-0.0023090045	0.6064257	0.70582324	0.25562716	0.00021822318	0.0138815595	79.0	5317.9574863910675
239	0.0	10.0	10.0	-10.0	232.07143	-0.0078323865	2.19341	11.873522	-12.197004	960000	-0.025476744	-0.0029031278	15.75509	-0.0012518564	0.6064257	0.70582324	0.25476742	0.00023398995	0.013575554	79.0	5333.640910863876
240	0.0	10.0	10.0	-10.0	191.27777	0.009284904	2.0492904	12.120003	-12.002886	964000	-0.025342261	-0.0029319131	15.753024	-0.002336979	0.5783133	0.6882531	0.25342265	0.00026616247	0.014878468	79.0	5516.407902479172
241	0.0	10.0	10.0	-10.0	188.0	-0.007045786	1.8226746	11.72488	-11.797377	968000	-0.025312357	-0.0028931575	15.752841	-0.0016670227	0.5783133	0.6882531	0.25312352	0.00033749524	0.013416309	79.0	5532.799221277237
242	0.0	10.0	10.0	-10.0	198.76471	-0.009320766	1.7406006	12.545054	-11.891799	972000	-0.02516483	-0.0028867424	15.749255	-0.0018671354	0.5783133	0.6882531	0.25164828	-0.0002133855	0.013761704	79.0	5549.147468328476
243	0.0	10.0	10.0	-10.0	196.77777	-0.0057688877	2.3201501	12.276812	-12.616278	976000	-0.02505154	-0.0028824126	15.741778	-0.0017517408	0.5783133	0.6882531	0.2505153	0.00014985126	0.013827353	79.0	5564.956439495087
244	0.0	10.0	10.0	-10.0	198.35294	-0.010802536	2.1702561	11.7939825	-11.503488	980000	-0.024899716	-0.002877335	15.739179	-0.0018108686	0.5783133	0.6882531	0.24899715	0.00024385501	0.013430268	79.0	5581.570907115936
245	0.0	10.0	10.0	-10.0	182.0	-0.0068935053	1.9318054	12.06748	-12.393189	984000	-0.024753327	-0.0028695802	15.738608	-0.0009417534	0.5783133	0.6882531	0.24753334	9.612017e-05	0.013224098	79.0	5597.517538785934
246	0.0	10.0	10.0	-10.0	175.73685	-0.0076407385	2.0280795	12.161387	-12.320287	988000	-0.024639025	-0.0029136129	15.737285	-0.002565543	0.5783133	0.6882531	0.24639027	0.0004950128	0.014390909	79.0	5614.141972780228
247	0.0	10.0	10.0	-10.0	182.33333	-0.022481548	1.7987962	12.987787	-12.304503	992000	-0.024661282	-0.0028643396	15.726929	-0.0017895699	0.5783133	0.6882531	0.24661268	0.00044567685	0.013395957	79.0	5630.369094610214
248	0.0	9.486833	10.0	-10.0	277.7	-0.006317308	1.8115373	12.34312	-12.223146	996000	-0.02450666	-0.002866525	15.702994	-0.0017619133	0.5783133	0.6882531	0.24506657	0.00035123774	0.013312007	79.0	5647.427522659302
249	0.0	9.534626	10.0	-10.0	284.45456	-0.0066420445	1.5859681	11.725122	-12.263529	1000000	-0.024351234	-0.0028505344	15.680611	-0.0016818047	0.5783133	0.6882531	0.24351235	0.00011825396	0.0141521515	79.0	5663.778922796249
250	0.0	10.0	10.0	-10.0	244.16667	-0.026505947	1.8671752	11.285986	-11.804125	1004000	-0.02424348	-0.00284514	15.669445	-0.0018320084	0.5853414	0.688253	0.2424347	8.062148e-05	0.013479616	79.0	5844.18538236618
251	0.0	10.0	10.0	-10.0	217.5625	-0.019860009	2.1186	12.642331	-13.135797	1008000	-0.024086699	-0.0028414251	15.655034	-0.0017043749	0.5853414	0.688253	0.24086706	0.00019696153	0.013474785	79.0	5860.690331459045
252	0.0	10.0	10.0	-10.0	240.84616	-0.01142288	1.8927112	11.788684	-11.411575	1012000	-0.023924857	-0.0028356218	15.636767	-0.0017450651	0.5853414	0.688253	0.23924859	-3.361092e-05	0.013219248	79.0	5877.482122898102
253	0.0	10.0	10.0	-10.0	252.76923	-0.017180195	2.0414357	11.677539	-12.296029	1016000	-0.02377556	-0.002838636	15.614633	-0.001355648	0.5853414	0.688253	0.2377556	-0.00030640446	0.013363759	79.0	5894.099595308304
254	0.0	10.0	10.0	-10.0	202.0	-0.0061612097	2.2049656	11.802423	-11.534905	1020000	-0.023626333	-0.0028781	15.610494	-0.000852108	0.5853414	0.688253	0.23626332	0.00020813446	0.01370341	79.0	5910.8057470321655
255	0.0	10.0	10.0	-10.0	205.92308	-0.006689448	1.6545405	11.475914	-11.83457	1024000	-0.023431519	-0.0028797223	15.599782	-0.0029360454	0.5853414	0.688253	0.23431514	0.00016067691	0.015595186	79.0	5927.312522888184
256	0.0	10.0	10.0	-10.0	224.375	-0.014247489	2.306618	11.923941	-12.649783	1028000	-0.023388514	-0.0028248911	15.590997	-0.0012221336	0.5853414	0.688253	0.23388517	0.0002166215	0.013233078	79.0	5944.386367559433
257	0.0	10.0	10.0	-10.0	222.6875	-0.02914471	1.5742003	11.212279	-11.694407	1032000	-0.02323442	-0.002815908	15.589236	-0.0022231739	0.5853414	0.688253	0.23234417	7.684758e-05	0.0144597115	79.0	5961.373330116272
258	0.0	10.0	10.0	-10.0	197.47058	0.0066488534	2.1126575	12.223911	-12.428686	1036000	-0.023123777	-0.0028084482	15.583923	-0.0017180443	0.5853414	0.688253	0.23123772	0.00034164646	0.013104804	79.0	5977.866300344467
259	0.0	10.0	10.0	-10.0	174.55556	-0.0033306303	2.1359177	12.508546	-12.277993	1040000	-0.023015598	-0.0028041794	15.58493	-0.0017703375	0.5853414	0.688253	0.23015594	6.63653e-05	0.013941345	79.0	5994.489491701126
260	0.0	10.0	10.0	-10.0	230.4	-0.015449197	2.0664818	11.971392	-11.720201	1044000	-0.022919938	-0.0028091904	15.57613	-0.0017202696	0.6054217	0.69628507	0.22919936	-8.157041e-05	0.013523102	79.0	6174.992171525955
261	0.0	10.0	10.0	-10.0	171.8125	-0.006618888	2.1486444	12.373001	-12.14343	1048000	-0.022766935	-0.002806753	15.571654	-0.0016654333	0.6054217	0.69628507	0.22766934	8.146415e-05	0.013398894	79.0	6192.06171131134
262	0.0	10.0	10.0	-10.0	190.9375	-0.009974822	2.043723	12.178149	-11.411141	1052000	-0.022613674	-0.0027982835	15.569847	-0.0016406378	0.6054217	0.69628507	0.22613674	-0.000108234	0.013104835	79.0	6209.257772922516
263	0.0	10.0	10.0	-10.0	193.1875	-0.0088436445	2.3103752	11.48158	-12.624734	1056000	-0.02248252	-0.0027941205	15.568934	-0.0016322136	0.6054217	0.69628507	0.22482516	0.0005528932	0.0131097	79.0	6226.405200242996
264	0.0	10.0	10.0	-10.0	196.625	-0.00417989	2.1178727	12.027945	-12.3910675	1060000	-0.022355562	-0.0027897514	15.559133	-0.0012264252	0.6054217	0.69628507	0.22355568	0.00019553195	0.013086672	79.0	6244.110019683838
265	0.0	10.0	10.0	-10.0	220.375	0.010899363	1.8925295	12.82112	-12.535692	1064000	-0.022235846	-0.0027922888	15.551991	-0.0020256042	0.6054217	0.69628507	0.22235848	0.000106775675	0.013897356	79.0	6261.144726514816
266	0.0	10.0	10.0	-10.0	192.07143	-0.002617321	1.9223895	11.209407	-12.089784	1068000	-0.02218469	-0.0027806165	15.547191	-0.00010919571	0.6054217	0.69628507	0.22184698	-7.48053e-05	0.013022386	79.0	6278.764557361603
267	0.0	10.0	10.0	-10.0	214.11765	-0.0024911147	1.918481	11.600008	-11.520851	1072000	-0.022059636	-0.0028169632	15.545337	-0.0030940373	0.6054217	0.69628507	0.22059643	0.0002494962	0.02036925	79.0	6295.611282110214
268	0.0	10.0	10.0	-10.0	200.0625	-0.012516972	1.9927619	11.80509	-12.240207	1076000	-0.022082327	-0.0027523648	15.538774	-0.0014839172	0.6054217	0.69628507	0.22082321	5.5754062e-05	0.013020921	79.0	6313.874060630798
269	0.0	10.0	10.0	-10.0	279.81818	-0.004988138	1.8353059	12.473849	-12.2321825	1080000	-0.021938315	-0.0027736349	15.520268	-0.0017059644	0.6054217	0.69628507	0.21938306	0.0002861947	0.013512586	79.0	6331.186415910721
270	0.0	10.0	10.0	-10.0	211.875	-0.010059439	1.9199637	12.454466	-12.774196	1084000	-0.021775166	-0.0027465785	15.520962	-0.0014046034	0.6124498	0.71184736	0.21775167	-0.00012779675	0.012971458	79.0	6518.823188304901
271	0.0	10.0	10.0	-10.0	175.27777	-0.027177729	1.7510828	11.4796915	-12.391693	1088000	-0.021651844	-0.0027396309	15.524005	-0.0017879804	0.6124498	0.71184736	0.21651845	6.202425e-05	0.013697982	79.0	6536.313341140747
272	0.0	10.0	10.0	-10.0	218.4	-0.015722193	1.9568744	11.942526	-12.108788	1092000	-0.02156319	-0.0027467713	15.497561	-0.0014511744	0.6124498	0.71184736	0.21563192	0.00035080864	0.013365929	79.0	6555.128844738007
273	0.0	10.0	10.0	-10.0	173.9375	-0.006209652	2.0829995	11.634894	-11.718186	1096000	-0.02142573	-0.0027578147	15.488976	-0.0016334852	0.6124498	0.71184736	0.21425724	0.00031524446	0.013300252	79.0	6573.320303201675
274	0.0	10.0	10.0	-10.0	167.5	-0.019852392	2.132221	12.013994	-12.179718	1100000	-0.021275027	-0.0027329253	15.4857435	-0.0014540354	0.6124498	0.71184736	0.21275027	-4.4137152e-05	0.012976613	79.0	6591.483755350113
275	0.0	10.0	10.0	-10.0	185.61111	0.021985132	1.7578105	11.903015	-12.061654	1104000	-0.021166973	-0.002730794	15.495471	-0.001024723	0.6124498	0.71184736	0.21166973	-0.00010184253	0.013160353	79.0	6609.263320684433
276	0.0	9.607689	10.0	-10.0	238.84616	-0.0076308763	1.7920504	12.0168295	-11.586772	1108000	-0.021050697	-0.0027789148	15.483134	0.0018270811	0.6124498	0.71184736	0.21050693	8.552045e-05	0.014625184	79.0	6628.229728460312
277	0.0	10.0	10.0	-10.0	254.07692	0.057378445	1.9838785	12.121875	-11.800559	1112000	-0.02101086	-0.0027341133	15.473113	-0.00526158	0.6124498	0.71184736	0.2101086	-0.00012524422	0.0125975795	79.0	6646.049387693405
278	0.0	10.0	10.0	-10.0	189.94737	-0.006236961	1.8786052	12.717252	-12.134202	1116000	-0.020895496	-0.0027552166	15.475606	0.00066725415	0.6124498	0.71184736	0.20895498	2.7520193e-06	0.013165046	79.0	6663.926242589951
279	0.0	10.0	10.0	-10.0	167.25	-0.009944427	2.228257	11.766776	-12.112905	1120000	-0.020743063	-0.0028838457	15.467427	-0.003431956	0.6124498	0.71184736	0.20743062	0.00094862474	0.016233198	79.0	6681.521023511887
280	0.0	10.0	10.0	-10.0	194.07143	-0.027906869	2.1204743	11.705926	-12.652583	1124000	-0.020718463	-0.0027203464	15.460462	-0.00076882046	0.60240966	0.692269	0.20718461	0.00042281838	0.013542011	79.0	6866.782768011093
281	0.0	10.0	10.0	-10.0	254.91667	-0.0070282165	1.7445726	12.17964	-12.151648	1128000	-0.020589188	-0.0028175705	15.445484	-0.0027073224	0.60240966	0.692269	0.20589185	0.000105798965	0.014499429	79.0	6885.05405497551
282	0.0	10.0	10.0	-10.0	175.77777	-0.020052366	1.7847323	11.38529	-12.8284	1132000	-0.020416902	-0.0026946636	15.449065	-0.001007239	0.60240966	0.692269	0.20416902	0.00043919348	0.013255748	79.0	6903.7906584739685
283	0.0	10.0	10.0	-10.0	146.2381	0.0075204223	2.248261	11.5808115	-12.321684	1136000	-0.020320332	-0.0026862586	15.45754	-0.0019570987	0.60240966	0.692269	0.20320332	-7.134499e-05	0.012771574	79.0	6921.894137144089
284	0.0	10.0	10.0	-10.0	210.9375	-0.0015513422	1.959969	12.12868	-11.90942	1140000	-0.02022305	-0.0026922084	15.450709	-0.0014460882	0.60240966	0.692269	0.20223057	-0.00025109036	0.013175017	79.0	6941.5607380867
285	0.0	10.0	10.0	-10.0	195.77777	-0.011080987	2.331081	11.215867	-12.684585	1144000	-0.020094847	-0.0026823217	15.458778	-0.0015034676	0.60240966	0.692269	0.20094852	2.3739214e-05	0.013062012	79.0	6960.135726690292
286	0.0	10.0	10.0	-10.0	178.1579	-0.010322214	2.2464397	11.997452	-13.121691	1148000	-0.019991247	-0.0026604075	15.4592285	0.00011523565	0.60240966	0.692269	0.19991247	-9.07781e-05	0.012141496	79.0	6978.31870174408
287	0.0	10.0	10.0	-10.0	212.26666	-0.009946716	1.9521265	11.223483	-12.727716	1152000	-0.019900117	-0.0027541446	15.455055	-0.0030199687	0.60240966	0.692269	0.19900124	-8.866482e-07	0.015400384	79.0	6996.8443286418915
288	0.0	10.0	10.0	-10.0	213.61539	-0.0020990935	2.1278048	12.056718	-11.993483	1156000	-0.019894414	-0.0026703514	15.43887	-0.0010352135	0.60240966	0.692269	0.19894403	-6.995296e-05	0.013092677	79.0	7016.246758937836
289	0.0	10.0	10.0	-10.0	155.2381	0.0026228193	2.1467254	11.284379	-11.8186455	1160000	-0.019791735	-0.0026882945	15.4522705	-0.00022204717	0.60240966	0.692269	0.19791734	-0.00013134716	0.012823168	79.0	7035.130452871323
290	0.0	10.0	10.0	-10.0	146.3158	-0.003676897	2.2180011	12.049945	-12.276859	1164000	-0.019767316	-0.002698821	15.455882	-0.001443704	0.62550205	0.7043173	0.19767319	0.0005980142	0.015583453	79.0	7212.828404188156
291	0.0	10.0	10.0	-10.0	182.0	-0.05987981	1.7729492	11.998437	-11.696776	1168000	-0.019729853	-0.0026340273	15.456941	-0.0033243496	0.62550205	0.7043173	0.19729853	0.0002451392	0.012868606	79.0	7232.484608888626
292	0.0	10.0	10.0	-10.0	155.13637	0.00038297745	2.3196485	12.029514	-11.764525	1172000	-0.019603645	-0.0026457792	15.461151	-0.0014050802	0.62550205	0.7043173	0.19603635	-2.0272564e-05	0.013478495	79.0	7252.557506799698
293	0.0	10.0	10.0	-10.0	271.66666	-0.01240145	1.5963267	11.143222	-11.288307	1176000	-0.019476982	-0.0026524253	15.437924	-0.0010000864	0.62550205	0.7043173	0.19476981	0.00010614636	0.013213894	79.0	7271.597727775574
294	0.0	10.0	10.0	-10.0	184.05882	-0.012665458	2.1803052	11.199485	-12.774095	1180000	-0.01934321	-0.0026831438	15.433927	-0.001578331	0.62550205	0.7043173	0.19343217	0.00025098477	0.013845625	79.0	7290.941077470779
295	0.0	10.0	10.0	-10.0	214.66667	-0.01227338	2.0016775	12.385953	-12.060572	1184000	-0.019259505	-0.0026448844	15.424194	-0.0016295115	0.62550205	0.7043173	0.19259505	0.00024550236	0.012706964	79.0	7310.52268743515
296	0.0	10.0	10.0	-10.0	182.58824	-0.012976815	2.1320534	11.895554	-11.841307	1188000	-0.019161103	-0.0026381637	15.4192705	-0.0013367335	0.62550205	0.7043173	0.1916111	8.535796e-05	0.014096167	79.0	7330.320096731186
297	0.0	10.0	10.0	-10.0	196.64706	-0.0029780467	1.9666746	11.740976	-11.515535	1192000	-0.019043365	-0.0025162322	15.412509	-0.001396656	0.62550205	0.7043173	0.19043368	0.00019572933	0.011851616	79.0	7349.806335449219
298	0.0	10.0	10.0	-10.0	164.38889	-0.0043517337	2.3469162	12.403138	-12.195506	1196000	-0.018930392	-0.002512275	15.411106	-0.0012850761	0.62550205	0.7043173	0.18930392	0.0001866065	0.012140066	79.0	7368.87123632431
299	0.0	10.0	10.0	-10.0	164.6842	-0.0044996785	2.1009762	12.395849	-13.125706	1200000	-0.01880973	-0.002524799	15.410973	-0.0012571017	0.62550205	0.7043173	0.18809734	-9.131096e-05	0.0125	79.0	7387.972274541855
300	0.0	10.0	10.0	-10.0	196.52942	-0.004770248	2.0770726	11.842756	-11.804487	1204000	-0.018710852	-0.0025299343	15.405499	-0.0015745163	0.5883534	0.67520076	0.18710852	-5.562432e-05	0.011935939	79.0	7565.647939682007
301	0.0	10.0	10.0	-10.0	205.0	-0.011725449	1.7489228	11.110087	-11.777495	1208000	-0.018664697	-0.0025297573	15.393479	-0.001364708	0.5883534	0.67520076	0.18664706	-1.1281857e-05	0.012284636	79.0	7585.702552318573
302	0.0	10.0	10.0	-10.0	205.4	-0.012571422	2.044851	12.621649	-12.335104	1212000	-0.018543063	-0.0025407963	15.386147	-3.1471252e-05	0.5883534	0.67520076	0.1854306	-8.297758e-05	0.012493104	79.0	7606.312321901321
303	0.0	10.0	10.0	-10.0	209.71428	0.021196375	1.694719	11.614983	-11.867264	1216000	-0.018420698	-0.0025502073	15.379397	-0.0021794636	0.5883534	0.67520076	0.18420695	-0.000105406296	0.0121359015	79.0	7625.899901151657
304	0.0	10.0	10.0	-10.0	163.55	-0.010306407	2.1520345	12.091932	-12.457328	1220000	-0.018321833	-0.0025911648	15.382118	-0.0017633438	0.5883534	0.67520076	0.18321826	4.717684e-05	0.013844993	79.0	7646.648631095886
305	0.0	10.0	10.0	-10.0	191.0	-0.0022100427	2.0582118	11.873551	-11.680024	1224000	-0.018248234	-0.0025418885	15.37886	-0.0014742216	0.5883534	0.67520076	0.18248226	5.766239e-05	0.012889114	79.0	7666.907846212387
306	0.0	10.0	10.0	-10.0	199.77777	-0.012583596	2.06422	11.2648115	-11.638463	1228000	-0.018158222	-0.0025556646	15.381805	-0.0010983149	0.5883534	0.67520076	0.18158217	0.00019349484	0.013039097	79.0	7686.772836685181
307	0.0	10.0	10.0	-10.0	221.46666	-0.010468933	1.902221	12.127168	-11.842524	1232000	-0.01804057	-0.0025496448	15.375581	-0.001405716	0.5883534	0.67520076	0.18040568	0.00029508208	0.0122630745	79.0	7706.223105192184
308	0.0	10.0	10.0	-10.0	198.0	0.0029284407	1.7638922	11.773049	-11.632918	1236000	-0.01793305	-0.0025480157	15.369563	-0.0014568964	0.5883534	0.67520076	0.17933054	-3.6656525e-05	0.012104337	79.0	7726.698801755905
309	0.0	10.0	10.0	-10.0	196.21428	-0.0033109684	2.110069	11.135016	-12.302375	1240000	-0.017873244	-0.002549731	15.353729	-0.0012841225	0.5883534	0.67520076	0.1787325	3.9386054e-05	0.012453582	79.0	7746.5918180942535
310	0.0	10.0	10.0	-10.0	170.65	-0.016012976	2.2756355	11.7965975	-11.660336	1244000	-0.017758464	-0.0025483733	15.356534	-0.0012798309	0.58935744	0.6646586	0.17758472	-7.994158e-05	0.012365662	79.0	7915.572160482407
311	0.0	10.0	10.0	-10.0	189.53334	-0.0083689345	2.0653927	12.083587	-12.703793	1248000	-0.01764168	-0.0025307967	15.348758	0.0022347767	0.58935744	0.6646586	0.1764168	8.7620765e-06	0.012420674	79.0	7936.134481191635
312	0.0	10.0	10.0	-10.0	176.625	-0.06283881	2.0810518	12.464378	-11.827253	1252000	-0.01755058	-0.00256214	15.342877	-0.00088294345	0.58935744	0.6646586	0.17550583	0.00018661201	0.01405679	79.0	7956.896513223648
313	0.0	10.0	10.0	-10.0	135.66667	-0.0061292998	2.2961795	11.4659395	-11.414292	1256000	-0.017449036	-0.0027705226	15.351054	-0.004483064	0.58935744	0.6646586	0.17449033	0.0003352562	0.015916793	79.0	7977.309155702591
314	0.0	10.0	10.0	-10.0	147.95454	0.0017666355	2.1209784	11.353542	-12.080685	1260000	-0.01733721	-0.0024511747	15.3534355	-0.0014322599	0.58935744	0.6646586	0.17337215	0.00042383288	0.01593419	79.0	7997.339730501175
315	0.0	10.0	10.0	-10.0	151.36363	0.015501509	2.4357471	13.133007	-12.132164	1264000	-0.017334437	-0.0025539396	15.36448	-0.00066359836	0.58935744	0.6646586	0.1733443	-3.0804982e-05	0.012699804	79.0	8018.0041670799255
316	0.0	10.0	10.0	-10.0	156.4	-0.037233338	2.234947	12.387114	-12.21614	1268000	-0.017224977	-0.0025247538	15.370824	-0.0024460156	0.58935744	0.6646586	0.17224972	8.4212654e-05	0.012263842	79.0	8039.263155221939
317	0.0	10.0	10.0	-10.0	162.5	-0.010793159	2.3341475	11.951033	-11.349979	1272000	-0.017123377	-0.0025634381	15.379926	-0.001358668	0.58935744	0.6646586	0.17123373	-2.9556812e-05	0.012797781	79.0	8059.916887521744
318	0.0	10.0	10.0	-10.0	157.33333	0.0031090828	1.9551969	11.826689	-11.286293	1276000	-0.01700225	-0.0025399376	15.382329	-0.0007381439	0.58935744	0.6646586	0.1700226	5.3256394e-06	0.011810792	79.0	8080.320461511612
319	0.0	10.0	10.0	-10.0	175.8	0.0058057047	2.203724	12.02318	-11.740525	1280000	-0.016890088	-0.002588327	15.397858	-0.0015379587	0.58935744	0.6646586	0.16890089	0.00013186283	0.013016532	79.0	8100.676857948303
320	0.0	10.0	10.0	-10.0	178.1579	-0.011986795	1.9685377	12.087553	-11.876599	1284000	-0.016762162	-0.0025842648	15.397582	-0.0014793078	0.62550205	0.6952812	0.16762154	-6.8971895e-05	0.0136713805	79.0	8273.07600736618
321	0.0	10.0	10.0	-10.0	188.44444	0.0084213205	2.176415	11.987208	-12.122052	1288000	-0.016654558	-0.0025476657	15.401475	-0.0012467703	0.62550205	0.6952812	0.16654564	0.00029200982	0.013316888	79.0	8294.333754301071
322	0.0	10.0	10.0	-10.0	179.41176	-0.016293796	1.757557	11.886425	-11.642511	1292000	-0.016569315	-0.0025305005	15.400357	-0.0012207031	0.62550205	0.6952812	0.16569312	0.00018307644	0.012814284	79.0	8315.543466329575
323	0.0	10.0	10.0	-10.0	128.22223	-0.0041995198	2.1512914	12.18379	-12.889988	1296000	-0.016476216	-0.0025293457	15.423714	-0.0012555122	0.62550205	0.6952812	0.16476221	8.903463e-06	0.011015259	79.0	8336.330261707306
324	0.0	10.0	10.0	-10.0	188.55556	-0.0086293295	2.3533652	12.1644335	-12.920072	1300000	-0.016366703	-0.0025251834	15.424804	-0.00072638196	0.62550205	0.6952812	0.16366701	-7.266898e-05	0.016052207	79.0	8358.083533763885
325	0.0	10.0	10.0	-10.0	162.4	-0.009131777	2.1818526	11.76715	-11.487549	1304000	-0.01625562	-0.0025763344	15.430389	0.0056002936	0.62550205	0.6952812	0.16255611	-6.332485e-05	0.013769905	79.0	8379.127045631409
326	0.0	10.0	10.0	-10.0	214.25	-0.062475152	1.8149859	11.185652	-11.8505745	1308000	-0.016137555	-0.0027038492	15.433228	-0.008401553	0.62550205	0.6952812	0.16137564	0.00012222539	0.018130133	79.0	8400.014736175537
327	0.0	10.0	10.0	-10.0	142.68	0.0018248116	2.4429533	12.427401	-11.595665	1312000	-0.016105017	-0.0024957256	15.4449005	-0.00080696744	0.62550205	0.6952812	0.16105019	-0.0001176454	0.011530205	79.0	8420.583855628967
328	0.0	10.0	10.0	-10.0	206.53334	-0.011220567	2.311372	12.343506	-12.862097	1316000	-0.016011722	-0.0025351818	15.439812	-0.0009891192	0.62550205	0.6952812	0.16011725	0.00018313201	0.013944034	79.0	8442.933839559555
329	0.0	10.0	10.0	-10.0	130.2	-0.0052663395	2.4070394	11.268295	-12.614787	1320000	-0.015926244	-0.0025269615	15.454936	0.0025043488	0.62550205	0.6952812	0.15926243	0.00014535716	0.0128105385	79.0	8464.354102134705
330	0.0	10.0	10.0	-10.0	142.875	0.049660537	2.194275	11.327803	-12.028369	1324000	-0.015879134	-0.0025833216	15.473683	-0.005407492	0.60742974	0.6696787	0.15879144	0.000634827	0.0128111495	79.0	8632.584764957428
331	0.0	10.0	10.0	-10.0	174.17647	0.0016450082	2.0094135	11.750367	-11.52173	1328000	-0.015807778	-0.0024940844	15.469241	-0.0004790624	0.60742974	0.6696787	0.15807778	0.00020132103	0.011359627	79.0	8653.3653922081
332	0.0	10.0	10.0	-10.0	188.73334	0.025170106	1.8051761	12.025956	-13.012964	1332000	-0.015708905	-0.0025345772	15.460042	-0.0017549196	0.60742974	0.6696787	0.15708907	6.0391332e-05	0.013476315	79.0	8675.626883506775
333	0.0	10.0	10.0	-10.0	152.69565	-0.012310166	2.4117546	11.790639	-12.01491	1336000	-0.015599881	-0.0025358982	15.468316	-0.0011998812	0.60742974	0.6696787	0.15599875	8.927067e-05	0.013705322	79.0	8697.054997444153
334	0.0	10.0	10.0	-10.0	143.36363	0.007112245	2.3178744	12.262562	-12.072472	1340000	-0.015486669	-0.0025166085	15.477155	-0.00015115738	0.60742974	0.6696787	0.15486668	4.1965464e-05	0.0135598285	79.0	8718.219516515732
335	0.0	10.0	10.0	-10.0	164.47368	0.027454644	2.2015831	12.295215	-11.246478	1344000	-0.0153817395	-0.0025225796	15.475762	-0.0012520155	0.60742974	0.6696787	0.15381743	1.2277761e-05	0.01256651	79.0	8739.427116155624
336	0.0	10.0	10.0	-10.0	183.6842	-0.015859062	2.1103048	11.876168	-11.965074	1348000	-0.015284206	-0.0026045165	15.477966	-0.0020149548	0.60742974	0.6696787	0.15284199	4.6099012e-05	0.01406191	79.0	8762.435904741287
337	0.0	10.0	10.0	-10.0	173.23529	0.008093566	2.2060986	12.390214	-12.440464	1352000	-0.015173341	-0.0025057606	15.480166	-0.0009059906	0.60742974	0.6696787	0.15173335	0.00043363706	0.014799562	79.0	8783.928933620453
338	0.0	10.0	10.0	-10.0	175.1579	0.008102547	2.27627	11.435231	-12.063448	1356000	-0.015081557	-0.0025127246	15.482526	-0.001323382	0.60742974	0.6696787	0.15081556	5.3684038e-05	0.012250082	79.0	8805.752709627151
339	0.0	10.0	10.0	-10.0	165.09091	-0.0016134481	2.2750127	12.096318	-11.191577	1360000	-0.014998053	-0.0024877961	15.49054	-0.0010582606	0.60742974	0.6696787	0.1499805	0.00024277881	0.018147929	79.0	8828.025937795639
340	0.0	10.0	10.0	-10.0	154.52174	-0.016939938	2.5734053	11.628395	-12.190041	1364000	-0.014912839	-0.0025187375	15.503158	-0.0009543101	0.6124498	0.6827309	0.14912842	1.4668573e-05	0.012862937	79.0	8997.973125457764
341	0.0	10.0	10.0	-10.0	154.31818	-0.021143015	2.141736	14.279194	-13.266031	1368000	-0.014818224	-0.0023214763	15.506644	0.0024952888	0.6124498	0.6827309	0.14818214	0.00036041616	0.014509027	79.0	9019.933839321136
342	0.0	10.0	10.0	-10.0	157.60869	0.006683676	2.0917294	12.087878	-11.6296625	1372000	-0.014774889	-0.0027128235	15.521016	-0.0048627853	0.6124498	0.6827309	0.14774892	0.0002997179	0.013639733	79.0	9041.550910949707
343	0.0	10.0	10.0	-10.0	191.6875	-0.010352124	2.040955	14.1397705	-11.937067	1376000	-0.01467951	-0.0024423334	15.512	0.0010593733	0.6124498	0.6827309	0.14679505	0.00017245019	0.0112787215	79.0	9063.868127584457
344	0.0	10.0	10.0	-10.0	158.45	0.056130707	2.308403	11.919116	-11.7362175	1380000	-0.014589473	-0.0025048296	15.51608	-0.0027519863	0.6124498	0.6827309	0.14589472	0.00026536293	0.012417127	79.0	9086.895566940308
345	0.0	10.0	10.0	-10.0	172.1579	-0.013198509	2.105443	12.971143	-12.221284	1384000	-0.014500365	-0.0025290954	15.512761	-0.0007573764	0.6124498	0.6827309	0.14500368	0.0001231197	0.016549425	79.0	9109.738395929337
346	0.0	10.0	10.0	-10.0	165.5238	0.027724465	2.3377893	11.875841	-12.266354	1388000	-0.014407743	-0.0024949594	15.520534	-0.00078932446	0.6124498	0.6827309	0.14407746	0.00018180149	0.012583549	79.0	9131.783388614655
347	0.0	10.0	10.0	-10.0	163.47058	-0.012052553	2.2016554	13.12259	-12.2476225	1392000	-0.014322021	-0.0025182385	15.519483	-0.000594457	0.6124498	0.6827309	0.14322028	0.00018088776	0.0116643235	79.0	9154.420085430145
348	0.0	10.0	10.0	-10.0	229.2	-0.042673606	2.107728	12.125967	-11.9179535	1396000	-0.014292358	-0.0024624595	15.516007	-0.0023579597	0.6124498	0.6827309	0.14292356	0.00013032714	0.0119399475	79.0	9178.41027712822
349	0.0	10.0	10.0	-10.0	161.27272	-0.014511348	2.2798264	14.072823	-13.308641	1400000	-0.014222838	-0.0025128473	15.528259	-0.0012286504	0.6124498	0.6827309	0.14222838	0.0004345962	0.014140926	79.0	9201.520288228989
350	0.0	10.0	10.0	-10.0	168.05263	-0.0017797959	2.49398	13.082982	-12.302078	1404000	-0.01413849	-0.0024791276	15.526059	0.0030290287	0.6184739	0.6782129	0.14138488	0.0003383454	0.011008516	79.0	9370.601882457733
351	0.0	10.0	10.0	-10.0	154.54546	-0.06125337	1.9328092	11.4145975	-11.751878	1408000	-0.014064804	-0.0023707883	15.547035	-0.005112171	0.6184739	0.6782129	0.14064804	0.00017479528	0.020545404	79.0	9393.387181520462
352	0.0	10.0	10.0	-10.0	199.88889	-0.0019405826	2.0117502	11.876588	-11.981837	1412000	-0.013995134	-0.0024677732	15.5474825	-0.0010050138	0.6184739	0.6782129	0.1399513	0.00017302412	0.015985178	79.0	9417.033510446548
353	0.0	10.0	10.0	-10.0	148.21739	0.0008251216	2.6127908	11.6130085	-12.7507305	1416000	-0.013917838	-0.0024773977	15.553891	-0.00028324127	0.6184739	0.6782129	0.13917834	1.6192533e-05	0.0130137205	79.0	9439.811887025833
354	0.0	10.0	10.0	-10.0	124.32	-0.025411576	2.087331	12.560421	-11.390521	1420000	-0.013842055	-0.002526377	15.567973	-0.0016194979	0.6184739	0.6782129	0.13842057	0.00038832412	0.014515218	79.0	9462.543131351471
355	0.0	10.0	10.0	-10.0	160.3158	0.012564944	2.1304066	13.547787	-12.271637	1424000	-0.013760594	-0.0024783618	15.566905	-0.00045235953	0.6184739	0.6782129	0.13760592	-0.0002357976	0.015159823	79.0	9485.854844808578
356	0.0	10.0	10.0	-10.0	205.88889	0.008407198	2.3790143	12.075203	-11.466942	1428000	-0.013680455	-0.0024814925	15.572469	-0.0017412504	0.6184739	0.6782129	0.1368045	-7.0479065e-05	0.015528485	79.0	9509.780277967453
357	0.0	10.0	10.0	-10.0	171.7	-0.0068003074	2.4195833	12.149065	-12.056038	1432000	-0.013602923	-0.0023896692	15.570129	-0.0006744067	0.6184739	0.6782129	0.13602914	0.000108057546	0.012017255	79.0	9533.136796712875
358	0.0	10.0	10.0	-10.0	164.1	-0.0050703827	2.356638	12.947156	-11.347129	1436000	-0.013539221	-0.0024830094	15.576546	-0.0012815794	0.6184739	0.6782129	0.13539222	3.879395e-05	0.01444167	79.0	9557.155807495117
359	0.0	10.0	10.0	-10.0	191.29411	-0.011896414	2.1011155	12.310309	-11.848765	1440000	-0.013462559	-0.0025018633	15.572503	-0.0009970665	0.6184739	0.6782129	0.13462552	8.640483e-05	0.013776624	79.0	9580.28115606308
360	0.0	10.0	10.0	-10.0	194.5625	-0.014141584	2.3712997	12.501258	-12.768419	1444000	-0.013382748	-0.0020786468	15.572957	-0.0010393461	0.6194779	0.68624496	0.13382751	-4.2284202e-05	0.027863389	79.0	9755.090596199036
361	0.0	10.0	10.0	-10.0	148.43478	-0.0012159056	2.4815881	12.865141	-12.148311	1448000	-0.013317733	-0.002464409	15.585422	-0.0009630521	0.6194779	0.68624496	0.1331773	0.00042133848	0.014705312	79.0	9778.111202955246
362	0.0	10.0	10.0	-10.0	170.27777	-0.012710066	1.8087742	13.353054	-11.88909	1452000	-0.013238393	-0.0024272485	15.589104	-0.00092458725	0.6194779	0.68624496	0.13238396	-0.00011336277	0.017947355	79.0	9800.527154445648
363	0.0	10.0	10.0	-10.0	193.3125	-0.01111722	2.1198542	11.973801	-11.593497	1456000	-0.013168876	-0.0023643684	15.585361	-0.00101312	0.6194779	0.68624496	0.13168873	0.0001609917	0.014126077	79.0	9823.459034919739
364	0.0	10.0	10.0	-10.0	154.63637	0.0052228426	1.9787228	11.867013	-12.298345	1460000	-0.0131018935	-0.0024549337	15.595677	-0.0008694331	0.6194779	0.68624496	0.13101901	0.00014776691	0.013305087	79.0	9848.088328361511
365	0.0	10.0	10.0	-10.0	189.70589	0.008702948	2.1416492	11.7875395	-11.507489	1464000	-0.013026479	-0.0024523553	15.598086	-0.00065676373	0.6194779	0.68624496	0.13026477	0.00018841295	0.015292615	79.0	9871.880572795868
366	0.0	10.0	10.0	-10.0	184.8421	-0.012146871	2.2277071	15.086915	-11.9092245	1468000	-0.0129590845	-0.0023476311	15.602054	-0.0014225641	0.6194779	0.68624496	0.12959096	6.1166655e-05	0.015703032	79.0	9894.725416898727
367	0.0	10.0	10.0	-10.0	155.68182	0.0054445323	2.438901	12.256072	-12.934892	1472000	-0.012913157	-0.0024621252	15.602305	-0.00048685074	0.6194779	0.68624496	0.12913154	1.073618e-05	0.012882107	79.0	9918.619733572006
368	0.0	10.0	10.0	-10.0	182.5	-0.0089749005	2.3369787	12.700452	-12.233573	1476000	-0.012841309	-0.0025160823	15.60378	-0.0012656847	0.6194779	0.68624496	0.12841308	-0.00011032447	0.015537556	79.0	9943.088131427765
369	0.0	10.0	10.0	-10.0	137.83333	-0.017738948	2.4070566	12.082042	-12.31069	1480000	-0.012773216	-0.0024199141	15.615216	-0.0009363492	0.6194779	0.68624496	0.12773217	0.00010068161	0.01146924	79.0	9966.970973014832
370	0.0	10.0	10.0	-10.0	187.17647	-0.011039436	1.8578551	12.359877	-12.020405	1484000	-0.012705888	-0.002438833	15.61702	-0.0010032654	0.6134538	0.68172693	0.12705888	0.00010776417	0.012157373	79.0	10148.735746860504
371	0.0	10.0	10.0	-10.0	134.29167	0.002348854	2.5910351	12.239838	-12.39344	1488000	-0.012642741	-0.002480216	15.61932	-0.0010120074	0.6134538	0.68172693	0.12642737	9.980761e-06	0.014298235	79.0	10172.571490764618
372	0.0	10.0	10.0	-10.0	151.14285	0.0052869422	2.320978	12.009034	-11.605415	1492000	-0.012573183	-0.0024548462	15.622692	-0.0011224747	0.6134538	0.68172693	0.12573177	-0.00020124596	0.013282384	79.0	10197.055263519287
373	0.0	10.0	10.0	-10.0	154.0	-0.007793652	2.304541	12.363145	-12.609952	1496000	-0.0125008905	-0.0024637189	15.633003	-0.0007990201	0.6134538	0.68172693	0.12500896	0.00012849452	0.016090957	79.0	10220.988936901093
374	0.0	10.0	10.0	-10.0	153.36363	-0.0060868696	2.2376728	12.804048	-12.218112	1500000	-0.012429629	-0.0024012146	15.642441	-0.00072336197	0.6134538	0.68172693	0.12429624	0.00011159038	0.010668335	79.0	10244.7771859169
375	0.0	10.0	10.0	-10.0	147.92	-0.012868783	2.3063123	12.338519	-12.387194	1504000	-0.012377873	-0.0024248653	15.665466	-0.0013860067	0.6134538	0.68172693	0.12377882	0.00013375732	0.01383032	79.0	10269.332310438156
376	0.0	10.0	10.0	-10.0	165.73685	0.005453541	1.9339232	12.452431	-12.0687065	1508000	-0.012321101	-0.002428978	15.672267	-0.00090106326	0.6134538	0.68172693	0.12321099	0.00014755536	0.011596146	79.0	10294.059360027313
377	0.0	10.0	10.0	-10.0	143.80952	0.01812284	2.1118672	11.549337	-13.275079	1512000	-0.012253019	-0.00237157	15.676589	-0.0010015169	0.6134538	0.68172693	0.122530095	-3.484427e-05	0.0115750665	79.0	10318.184554338455
378	0.0	10.0	10.0	-10.0	142.86957	-0.002607893	2.2568936	13.326321	-11.522173	1516000	-0.01219175	-0.0024497255	15.679526	-0.00051927567	0.6134538	0.68172693	0.121917404	4.429621e-05	0.015217065	79.0	10342.174706220627
379	0.0	10.0	10.0	-10.0	208.52942	0.012705862	2.319318	16.433186	-14.050965	1520000	-0.012124437	-0.0024664642	15.681667	-0.0005551974	0.6134538	0.68172693	0.12124435	0.0001683974	0.014048259	79.0	10365.763401508331
380	0.0	10.0	10.0	-10.0	190.05882	-0.006922444	2.2017787	12.585984	-12.145305	1524000	-0.01206262	-0.0025166818	15.685775	-0.0017094612	0.6285141	0.6992972	0.12062619	0.00026806537	0.01964563	79.0	10532.679721832275
381	0.0	10.0	10.0	-10.0	180.22223	0.00687407	2.4411016	11.480375	-13.244147	1528000	-0.01200181	-0.0024263368	15.683604	-0.0009598732	0.6285141	0.6992972	0.12001809	0.00014560664	0.018270234	79.0	10556.610978841782
382	0.0	10.0	10.0	-10.0	131.65218	0.023473918	2.445524	12.159359	-12.033566	1532000	-0.011938003	-0.0024518294	15.698254	-0.000951608	0.6285141	0.6992972	0.11938006	0.0001686288	0.01252852	79.0	10580.224563598633
383	0.0	10.0	10.0	-10.0	152.61905	-0.011214129	2.2253175	13.5474415	-12.8593645	1536000	-0.011872105	-0.0024488976	15.700398	-0.0009528796	0.6285141	0.6992972	0.118721135	2.9704092e-05	0.012687492	79.0	10603.937957048416
384	0.0	10.0	10.0	-10.0	171.9	-0.008384758	2.381317	12.006124	-11.842934	1540000	-0.0118117975	-0.0023615004	15.696523	-0.00091616315	0.6285141	0.6992972	0.118117966	-1.2318662e-05	0.013781314	79.0	10629.03353047371
385	0.0	10.0	10.0	-10.0	190.5	0.0035022832	2.1088705	12.158162	-11.825298	1544000	-0.011748766	-0.0023604182	15.690135	0.0012067159	0.6285141	0.6992972	0.11748759	0.00016845281	0.011729346	79.0	10653.314468860626
386	0.0	10.0	10.0	-10.0	139.15384	-0.0049658087	2.6415224	12.864551	-11.53424	1548000	-0.01168853	-0.0025340472	15.702827	-0.0030266445	0.6285141	0.6992972	0.11688533	0.00017754162	0.013531619	79.0	10677.939098358154
387	0.0	10.0	10.0	-10.0	175.63158	0.018111706	2.3340929	11.98432	-11.845547	1552000	-0.011632967	-0.002388321	15.704819	-0.0010259947	0.6285141	0.6992972	0.11632962	0.00023533753	0.017048942	79.0	10702.136898756027
388	0.0	10.0	10.0	-10.0	175.57143	0.017789941	2.3884294	12.095572	-11.648514	1556000	-0.011571181	-0.002403049	15.707362	-0.00096495944	0.6285141	0.6992972	0.11571187	-7.337839e-05	0.012796859	79.0	10727.53348684311
389	0.0	10.0	10.0	-10.0	152.13637	0.010774108	2.328624	12.209309	-11.581999	1560000	-0.011509627	-0.0024110377	15.713004	-0.00085719425	0.6285141	0.6992972	0.11509622	-0.00016438031	0.012599458	79.0	10752.119581699371
390	0.0	10.0	10.0	-10.0	182.22223	0.0088961935	2.47095	12.321949	-12.220006	1564000	-0.011452467	-0.0024072365	15.712499	-0.00101614	0.6345381	0.70481926	0.11452466	0.00027722868	0.011609436	79.0	10920.597018003464
391	0.0	10.0	10.0	-10.0	162.5238	0.0003959244	2.1685956	11.751963	-12.480715	1568000	-0.011397327	-0.0024032425	15.721831	-0.0008808772	0.6345381	0.70481926	0.11397321	1.4086351e-05	0.012778722	79.0	10944.694750070572
392	0.0	10.0	10.0	-10.0	155.27272	-0.009780409	2.0153842	15.723738	-12.532362	1572000	-0.011341281	-0.002309696	15.729648	-0.00095478696	0.6345381	0.70481926	0.113412835	0.0003194811	0.014542215	79.0	10969.987559556961
393	0.0	10.0	10.0	-10.0	152.09091	0.010728194	1.926931	12.407825	-12.211338	1576000	-0.011292755	-0.0024302069	15.733212	-0.0010205904	0.6345381	0.70481926	0.11292753	0.00017178524	0.013806636	79.0	10994.46667933464
394	0.0	10.0	10.0	-10.0	156.2381	0.004786098	2.5001795	14.084253	-13.0977545	1580000	-0.0112379445	-0.002417471	15.736461	-0.0008893013	0.6345381	0.70481926	0.11237935	-0.00014612774	0.013775484	79.0	11019.022016763687
395	0.0	10.0	10.0	-10.0	143.32	-0.002017581	2.5571065	13.905566	-12.964476	1584000	-0.011185497	-0.002391591	15.746181	-0.0009880066	0.6345381	0.70481926	0.11185494	0.00014048074	0.011672025	79.0	11043.6569480896
396	0.0	10.0	10.0	-10.0	159.34782	-0.00096340105	2.2084932	12.975098	-11.439161	1588000	-0.011134052	-0.002399972	15.752666	-0.00084336597	0.6345381	0.70481926	0.11134044	0.00012641837	0.012602967	79.0	11069.708778858185
397	0.0	10.0	10.0	-10.0	150.13043	-0.005765114	2.4481416	14.246302	-13.503078	1592000	-0.011074397	-0.002404622	15.765796	-0.0010298094	0.6345381	0.70481926	0.11074403	-4.8778602e-05	0.015871713	79.0	11094.548435926437
398	0.0	10.0	10.0	-10.0	170.05	-0.004286	2.413197	12.86794	-11.721759	1596000	-0.011016924	-0.0023978422	15.777551	-0.0009446144	0.6345381	0.70481926	0.1101692	-8.5698295e-05	0.014461517	79.0	11119.605904579163
399	0.0	10.0	10.0	-10.0	155.77272	0.00072691555	2.6294925	11.692436	-11.193922	1600000	-0.010963927	-0.0023834205	15.776645	-0.0005933444	0.6415662	0.70732933	0.109639235	-5.2849948e-05	0.013718094	79.0	11296.213386058807
