Epoch	AverageEpRet	StdEpRet	MaxEpRet	MinEpRet	EpLen	AverageVVals	StdVVals	MaxVVals	MinVVals	TotalEnvInteracts	LossPi	DeltaLossPi	LossV	DeltaLossV	EvalWin	EvalScore	Entropy	KL	ClipFrac	StopIter	Time
0	0.0	10.0	10.0	-10.0	21.886364	-0.011368681	0.13303429	0.51921266	-0.53539336	4000	-0.107089855	-0.0049188635	72.514915	-20.398119	0.013052207	0.013052207	1.0708984	0.009375663	0.056306306	79.0	19.252702951431274
1	0.0	10.0	10.0	-10.0	22.207865	0.09850088	4.512402	9.814217	-9.593442	8000	-0.10663811	-0.0029838358	51.738953	-1.347051	0.013052207	0.013052207	1.0663815	0.0054559037	0.02414915	79.0	22.00529980659485
2	0.0	10.0	10.0	-10.0	22.923977	0.0028652593	4.738936	10.651158	-10.637138	12000	-0.10756323	-0.0022863597	52.29433	-0.85896426	0.013052207	0.013052207	1.0756326	0.0026227029	0.023732066	79.0	24.86948037147522
3	0.0	10.0	10.0	-10.0	29.884615	0.015347684	4.5840783	10.428252	-10.343171	16000	-0.107806005	-0.001826177	52.32457	-0.86845523	0.013052207	0.013052207	1.07806	0.002884728	0.01366992	79.0	27.65933394432068
4	0.0	10.0	10.0	-10.0	23.189024	-0.0063499683	4.3550186	8.464789	-8.581733	20000	-0.10755587	-0.0015503479	51.6891	-0.99603206	0.013052207	0.013052207	1.0755589	0.0036200571	0.008583584	79.0	30.44684648513794
5	0.0	10.0	10.0	-10.0	25.986578	0.003263158	4.2050548	9.348451	-9.225937	24000	-0.10669756	-0.0016410662	51.461742	-0.99314815	0.013052207	0.013052207	1.0669756	0.0031160796	0.0067567565	79.0	33.32166290283203
6	0.0	10.0	10.0	-10.0	26.29054	-0.01462645	4.1242185	8.034636	-7.98355	28000	-0.10599057	-0.0028471749	50.33491	-1.1150812	0.013052207	0.013052207	1.0599055	0.0036126508	0.0071678828	79.0	36.221721172332764
7	0.0	10.0	10.0	-10.0	28.338236	-0.022851054	4.1733966	7.5424304	-8.143135	32000	-0.104786	-0.004183553	50.009888	-1.4694048	0.013052207	0.013052207	1.0478601	0.0066340924	0.028200075	79.0	39.15602087974548
8	0.0	10.0	10.0	-10.0	29.681818	-0.010311579	4.0803814	9.816853	-10.796561	36000	-0.103090025	-0.0045127445	50.05464	-1.7064323	0.013052207	0.013052207	1.0309001	0.0062066577	0.036925815	79.0	42.13160157203674
9	0.0	10.0	10.0	-10.0	32.633335	-0.020878932	3.9331617	11.304655	-11.763841	40000	-0.101356976	-0.005106216	49.716427	-2.1770668	0.013052207	0.013052207	1.0135697	0.0050327606	0.031794295	79.0	45.17214870452881
10	0.0	10.0	10.0	-10.0	37.10577	0.030381344	3.8413634	12.366372	-12.16748	44000	-0.10003892	-0.006001074	48.340984	-3.0689628	0.027108433	0.027108433	1.0003892	0.0051825475	0.033658657	79.0	75.27948236465454
11	0.0	10.0	10.0	-10.0	44.06818	0.025621584	3.8076088	13.486222	-13.574748	48000	-0.09890237	-0.006271187	46.055298	-3.6908238	0.027108433	0.027108433	0.9890237	0.0022482262	0.03958125	79.0	78.39557218551636
12	0.0	10.0	10.0	-10.0	47.096386	-0.056263648	4.209302	13.192263	-14.200162	52000	-0.0976049	-0.006857913	42.96579	-2.7567673	0.027108433	0.027108433	0.97604895	0.0025903385	0.043129668	79.0	81.57404327392578
13	0.0	10.0	10.0	-10.0	48.384617	0.0020084514	4.395615	13.224621	-14.571018	56000	-0.0963186	-0.006675694	40.515476	-1.3432726	0.027108433	0.027108433	0.9631861	0.0033159733	0.041353855	79.0	84.75187301635742
14	0.0	10.0	10.0	-10.0	44.95294	-0.014795789	4.599615	13.904968	-14.049344	60000	-0.094996534	-0.006241108	39.543324	-0.5966301	0.027108433	0.027108433	0.9499653	0.0045492277	0.03769603	79.0	87.96928930282593
15	0.0	10.0	10.0	-10.0	49.467533	0.016383106	4.7678456	12.3670225	-11.976046	64000	-0.09357801	-0.0059421794	39.335785	-0.39345488	0.027108433	0.027108433	0.9357802	0.0034930417	0.034620557	79.0	91.20055031776428
16	0.0	10.0	10.0	-10.0	51.575344	0.020599423	4.7044926	13.47731	-12.864597	68000	-0.09229659	-0.0057591	39.341385	-0.34734854	0.027108433	0.027108433	0.9229658	0.00213757	0.032966793	79.0	94.49150276184082
17	0.0	10.0	10.0	-10.0	58.16418	0.04330558	4.6115727	13.397167	-12.533431	72000	-0.09121137	-0.005723423	39.34183	-0.33562407	0.027108433	0.027108433	0.91211367	0.0018957172	0.032449115	79.0	97.81937456130981
18	0.0	10.0	10.0	-10.0	55.75714	0.026024831	4.5600677	13.973589	-13.72243	76000	-0.09020432	-0.0056182942	39.338074	-0.33322653	0.027108433	0.027108433	0.90204316	0.0021251144	0.032143984	79.0	101.1775176525116
19	0.0	10.0	10.0	-10.0	65.19643	0.014101816	4.3573656	14.380085	-14.184246	80000	-0.08918265	-0.005441801	39.254887	-0.29994583	0.027108433	0.027108433	0.89182657	0.0004970471	0.030430429	79.0	104.59393239021301
20	0.0	10.0	10.0	-10.0	63.322033	0.017041668	4.3856316	13.334369	-13.3215475	84000	-0.088204354	-0.005296722	39.135143	-0.28261948	0.09638554	0.09638554	0.88204366	0.00078953087	0.028671527	79.0	164.8360207080841
21	0.0	10.0	10.0	-10.0	66.8421	0.011370606	4.3335824	15.080133	-13.97613	88000	-0.08742666	-0.005136676	39.09123	-0.29191145	0.09638554	0.09638554	0.87426645	0.0014789063	0.026668712	79.0	168.2899465560913
22	0.0	10.0	10.0	-10.0	78.276596	0.017972425	4.2336216	14.799176	-15.05423	92000	-0.08665067	-0.0050458857	38.97737	-0.28720155	0.09638554	0.09638554	0.86650676	0.0012794306	0.02612939	79.0	171.75218963623047
23	0.0	10.0	10.0	-10.0	76.297874	0.0028280276	4.263348	13.962405	-12.894603	96000	-0.08582476	-0.004781785	38.672787	-0.27677155	0.09638554	0.09638554	0.8582475	0.0018633213	0.024201283	79.0	175.33549880981445
24	0.0	10.0	10.0	-10.0	71.86	0.00015417497	3.947265	13.729538	-13.24667	100000	-0.085032135	-0.0046856836	38.458622	-0.27803865	0.09638554	0.09638554	0.8503216	0.0015509058	0.022867868	79.0	178.95340943336487
25	0.0	10.0	10.0	-10.0	73.0	0.01551903	4.0102444	13.836495	-12.977846	104000	-0.084313095	-0.004567001	38.21302	-0.29813194	0.09638554	0.09638554	0.8431309	0.00069815264	0.021858396	79.0	182.59291219711304
26	0.0	10.0	10.0	-10.0	96.297295	0.01519505	3.817067	11.531543	-11.377281	108000	-0.08362633	-0.004498828	37.770763	-0.2795461	0.09638554	0.09638554	0.83626336	0.0010949544	0.021850556	79.0	186.2583475112915
27	0.0	10.0	10.0	-10.0	95.81579	0.019278161	3.7177365	13.081296	-12.25532	112000	-0.08283991	-0.0043869526	37.422226	-0.25043425	0.09638554	0.09638554	0.828399	0.0008449247	0.021119332	79.0	189.9970841407776
28	0.0	10.0	10.0	-10.0	104.08572	0.035646513	3.658813	13.636625	-12.012071	116000	-0.08215858	-0.004295671	37.06221	-0.22092374	0.09638554	0.09638554	0.82158583	0.0017359344	0.020429913	79.0	193.77002573013306
29	0.0	10.0	10.0	-10.0	88.15	0.0091364	3.4876337	12.23026	-12.1823845	120000	-0.08135774	-0.004257668	36.741726	-0.18924904	0.09638554	0.09638554	0.8135775	0.0008688383	0.019865697	79.0	197.56771397590637
30	0.0	10.0	10.0	-10.0	98.63158	0.013069363	3.4325867	11.920647	-12.59917	124000	-0.080610886	-0.004166478	36.421734	-0.17116801	0.21887551	0.22590363	0.8061088	0.00017262473	0.01919258	79.0	289.92331981658936
31	0.0	10.0	10.0	-10.0	98.0	0.020076873	3.3084245	12.602408	-11.015728	128000	-0.0798876	-0.004071448	36.075863	-0.1475137	0.21887551	0.22590363	0.7988762	0.00016363677	0.018678835	79.0	294.0714979171753
32	0.0	10.0	10.0	-10.0	105.4375	0.0006898139	3.1482491	11.783308	-10.855487	132000	-0.07921905	-0.0040908395	35.694454	-0.12460264	0.21887551	0.22590363	0.7921904	0.00020614208	0.018882519	79.0	298.30565094947815
33	0.0	10.0	10.0	-10.0	98.8421	0.00072249374	2.9636474	11.303	-10.988975	136000	-0.07851988	-0.0040814816	35.49645	-0.10979334	0.21887551	0.22590363	0.7851987	0.00073393155	0.019158864	79.0	302.71838760375977
34	0.0	10.0	10.0	-10.0	114.03333	0.0023328837	3.0925415	12.13918	-11.938939	140000	-0.07779474	-0.004019793	35.14277	-0.09844208	0.21887551	0.22590363	0.7779475	0.0008265961	0.019480195	79.0	307.20506596565247
35	0.0	10.0	10.0	-10.0	134.03847	-0.009415877	2.8043237	11.89609	-11.44749	144000	-0.07711089	-0.003985683	34.788406	-0.0842069	0.21887551	0.22590363	0.7711088	0.0005093325	0.018831331	79.0	311.6453197002411
36	0.0	10.0	10.0	-10.0	144.41667	-0.012324462	2.8805132	10.498298	-10.478538	148000	-0.076417215	-0.003937936	34.428593	-0.07527987	0.21887551	0.22590363	0.76417226	0.00027676136	0.018954767	79.0	316.5597777366638
37	0.0	10.0	10.0	-10.0	166.65	-0.01742648	2.7920525	11.332769	-11.163521	152000	-0.07575852	-0.003962287	34.024902	-0.06772995	0.21887551	0.22590363	0.7575852	0.0006207324	0.019417444	79.0	321.3562562465668
38	0.0	10.0	10.0	-10.0	120.965515	-0.01089071	2.6931844	11.41178	-11.068428	156000	-0.075135134	-0.003925798	33.756702	-0.061838787	0.21887551	0.22590363	0.7513511	0.0006527439	0.019201895	79.0	325.86858654022217
39	0.0	10.0	10.0	-10.0	121.296295	-0.014552588	2.6619422	10.98814	-10.971202	160000	-0.07452381	-0.0039371527	33.465366	-0.059500378	0.21887551	0.22590363	0.745238	0.00038350176	0.018981481	79.0	330.8294689655304
40	0.0	10.0	10.0	-10.0	156.52632	-0.034900464	2.4591084	10.247428	-10.562879	164000	-0.073871605	-0.0038800153	33.07992	-0.058238983	0.4126506	0.49748993	0.7387159	-1.09534785e-05	0.019015966	79.0	497.3215754032135
41	0.0	10.0	10.0	-10.0	116.0	-0.013310612	2.6232736	11.278535	-11.772333	168000	-0.07322324	-0.0038740623	32.820354	-0.056784946	0.4126506	0.49748993	0.7322324	0.0003456259	0.018706208	79.0	502.14732336997986
42	0.0	10.0	10.0	-10.0	125.26923	-0.011829895	2.5897398	14.3213005	-10.672651	172000	-0.072626166	-0.0038508426	32.5868	-0.056406975	0.4126506	0.49748993	0.7262616	0.0008200975	0.018349746	79.0	507.344167470932
43	0.0	10.0	10.0	-10.0	126.60714	-0.0075220284	2.6455336	11.5026455	-11.779227	176000	-0.07199458	-0.0038459674	32.377567	-0.05666828	0.4126506	0.49748993	0.7199457	0.0009478459	0.018782988	79.0	512.729101896286
44	0.0	10.0	10.0	-10.0	161.7619	-0.016485637	2.4348001	11.974285	-11.629952	180000	-0.07137649	-0.0038370986	32.049088	-0.057395298	0.4126506	0.49748993	0.71376485	0.00043772938	0.018910578	79.0	518.1810054779053
45	0.0	10.0	10.0	-10.0	189.11765	-0.014806189	2.6227424	10.906767	-11.491848	184000	-0.07072763	-0.0038390942	31.725447	-0.05703163	0.4126506	0.49748993	0.70727634	0.0009830062	0.018978218	79.0	523.5930714607239
46	0.0	10.0	10.0	-10.0	150.0	-0.005417669	2.2770934	10.647743	-10.872963	188000	-0.07013151	-0.0038756554	31.470732	-0.057153065	0.4126506	0.49748993	0.701315	0.00077806675	0.01924531	79.0	528.9165942668915
47	0.0	10.0	10.0	-10.0	152.1579	-0.011268085	2.379267	10.557955	-11.414208	192000	-0.06951941	-0.003852093	31.172049	-0.05915006	0.4126506	0.49748993	0.69519395	-0.00011739029	0.01884958	79.0	534.3995535373688
48	0.0	10.0	10.0	-10.0	164.75	-0.008103442	2.3448613	11.51209	-11.370675	196000	-0.06894023	-0.0038508873	30.865417	-0.062053364	0.4126506	0.49748993	0.6894023	-5.509287e-05	0.019008806	79.0	539.9367871284485
49	0.0	10.0	10.0	-10.0	165.4	-0.050267756	2.3364289	11.112766	-10.816498	200000	-0.0684281	-0.0038133226	30.597733	-0.07030296	0.4126506	0.49748993	0.68428105	0.00027782557	0.018693695	79.0	545.5418021678925
50	0.0	10.0	10.0	-10.0	139.30435	0.007028329	2.5589914	10.290827	-10.9711895	204000	-0.06786978	-0.003839155	30.342552	-0.07445272	0.40361443	0.58232933	0.6786978	0.00019390788	0.019718248	79.0	751.8415923118591
51	0.0	10.0	10.0	-10.0	141.73914	-0.00014443333	2.2973444	10.354092	-11.100776	208000	-0.06731958	-0.003837907	30.104158	-0.07858181	0.40361443	0.58232933	0.67319584	0.00038338438	0.019733677	79.0	757.1539621353149
52	0.0	10.0	10.0	-10.0	156.95238	-0.0014608254	2.181614	11.813183	-11.184367	212000	-0.06678567	-0.003815708	29.848442	-0.08330981	0.40361443	0.58232933	0.6678569	0.00094781263	0.0202986	79.0	762.9368724822998
53	0.0	10.0	10.0	-10.0	178.11765	-0.010254058	2.3636687	10.453674	-10.9221735	216000	-0.066242024	-0.0038025316	29.553984	-0.089840256	0.40361443	0.58232933	0.6624202	0.00016282743	0.020184536	79.0	768.6829099655151
54	0.0	10.0	10.0	-10.0	138.20833	0.0051260213	2.4307182	11.604726	-11.875018	220000	-0.065759726	-0.0037998098	29.32157	-0.096930824	0.40361443	0.58232933	0.6575973	0.0007655041	0.020076895	79.0	774.411031961441
55	0.0	10.0	10.0	-10.0	162.95454	0.017920574	2.2868621	11.055405	-11.516477	224000	-0.06527524	-0.0038168516	29.079512	-0.10238489	0.40361443	0.58232933	0.65275246	0.00028929996	0.019211175	79.0	780.379302740097
56	0.0	10.0	10.0	-10.0	166.57895	-0.0031751473	2.2850277	11.520809	-12.50615	228000	-0.06481437	-0.0038351007	28.791855	-0.101882614	0.40361443	0.58232933	0.64814377	0.0004613319	0.01972367	79.0	786.2442917823792
57	0.0	10.0	10.0	-10.0	214.125	-0.0075063743	2.2941926	11.546123	-11.652177	232000	-0.06440299	-0.003836197	28.494856	-0.09548823	0.40361443	0.58232933	0.64403003	0.0007063245	0.018844275	79.0	792.148678779602
58	0.0	10.0	10.0	-10.0	191.0	-0.022003772	2.4315257	10.964651	-12.148526	236000	-0.06399364	-0.0038484212	28.231546	-0.09034189	0.40361443	0.58232933	0.6399364	0.0005089776	0.019006295	79.0	797.7872669696808
59	0.0	10.0	10.0	-10.0	145.80952	0.0016051043	2.4309275	13.307832	-12.01132	240000	-0.063617714	-0.003876676	27.998983	-0.08527374	0.40361443	0.58232933	0.63617724	0.0005212738	0.018724974	79.0	803.7551119327545
60	0.0	10.0	10.0	-10.0	170.63158	0.014107614	2.427916	10.687582	-12.153612	244000	-0.063246064	-0.0038776628	27.786453	-0.076038994	0.44176707	0.61044174	0.6324608	0.00038932738	0.018893894	79.0	999.0153758525848
61	0.0	9.701425	10.0	-10.0	207.52942	-0.016264115	2.3743196	12.300263	-12.333177	248000	-0.062833965	-0.0038535756	27.504732	-0.0672973	0.44176707	0.61044174	0.62833977	0.00037934477	0.018607318	79.0	1005.0167376995087
62	0.0	10.0	10.0	-10.0	191.27777	0.007482905	2.4389622	12.441666	-12.609694	252000	-0.062384605	-0.0038564615	27.29574	-0.05888462	0.44176707	0.61044174	0.6238461	0.00072009116	0.018536394	79.0	1011.3082473278046
63	0.0	10.0	10.0	-10.0	163.5	0.056844205	2.3487368	12.319898	-12.934248	256000	-0.061982986	-0.0038946874	27.110727	-0.05645148	0.44176707	0.61044174	0.6198299	0.00036322148	0.018428585	79.0	1017.4263398647308
64	0.0	10.0	10.0	-10.0	180.27777	-0.008316717	2.4046292	11.55548	-12.894239	260000	-0.061558004	-0.0038530428	26.932714	-0.04786269	0.44176707	0.61044174	0.61558	0.00067153806	0.018764919	79.0	1023.732225894928
65	0.0	10.0	10.0	-10.0	131.7037	0.00835544	2.55417	12.805858	-12.532401	264000	-0.061138973	-0.0038465206	26.835787	-0.04248206	0.44176707	0.61044174	0.6113897	0.00027962675	0.01829481	79.0	1030.3555018901825
66	0.0	10.0	10.0	-10.0	172.13637	0.0074923956	2.5083182	12.462907	-12.555641	268000	-0.06076559	-0.0038251735	26.691336	-0.039444286	0.44176707	0.61044174	0.60765576	-0.0005056493	0.018582014	79.0	1036.8566918373108
67	0.0	10.0	10.0	-10.0	141.52174	-0.01213282	2.5406523	12.83885	-12.941975	272000	-0.060361683	-0.0037921544	26.553543	-0.036667187	0.44176707	0.61044174	0.6036167	0.00013994504	0.018334512	79.0	1043.4166288375854
68	0.0	10.0	10.0	-10.0	155.0	-0.0018980396	2.482292	12.638286	-12.447846	276000	-0.059975874	-0.0038064488	26.409111	-0.033693314	0.44176707	0.61044174	0.59975857	0.00025127453	0.018329924	79.0	1049.8857345581055
69	0.0	10.0	10.0	-10.0	166.7	0.021437377	2.4438548	11.896175	-13.205771	280000	-0.059596363	-0.0038118127	26.267054	-0.032366753	0.44176707	0.61044174	0.59596354	4.0620038e-05	0.018320106	79.0	1056.3584344387054
70	0.0	10.0	10.0	-10.0	158.65	0.014341969	2.7130783	12.61199	-15.175456	284000	-0.059235614	-0.0038084406	26.123383	-0.030577024	0.43775102	0.6004016	0.59235615	0.00046471079	0.018211875	79.0	1253.605898141861
71	0.0	10.0	10.0	-10.0	175.5	0.0044578766	2.6428442	12.635018	-12.260258	288000	-0.05889179	-0.0037798174	26.010614	-0.027737617	0.43775102	0.6004016	0.588918	5.4087835e-05	0.017769506	79.0	1260.3038861751556
72	0.0	10.0	10.0	-10.0	168.1579	-0.02594249	2.4629023	12.154934	-14.968873	292000	-0.05855213	-0.0037457652	25.894426	-0.028429667	0.43775102	0.6004016	0.5855213	0.00025462508	0.01780205	79.0	1266.9860904216766
73	0.0	10.0	10.0	-10.0	189.72223	-0.014329909	2.2672029	13.207673	-11.916262	296000	-0.05817307	-0.0037847974	25.755774	-0.02522246	0.43775102	0.6004016	0.58173066	0.00021950032	0.018224305	79.0	1273.7326774597168
74	0.0	10.0	10.0	-10.0	229.28572	-0.027905205	2.475097	12.640467	-15.043757	300000	-0.057834536	-0.0037589502	25.591856	-0.023679733	0.43775102	0.6004016	0.5783454	0.0004486456	0.01783784	79.0	1280.4776015281677
75	0.0	10.0	10.0	-10.0	185.66667	-0.0116580045	2.476911	11.953599	-11.98158	304000	-0.057467062	-0.0037562058	25.445625	-0.022457123	0.43775102	0.6004016	0.5746707	0.0002496124	0.017193181	79.0	1287.2218205928802
76	0.0	10.0	10.0	-10.0	148.6842	-0.000532387	2.1891534	10.866105	-12.756853	308000	-0.057091486	-0.0037532367	25.323217	-0.021527926	0.43775102	0.6004016	0.5709149	0.00018096379	0.017221766	79.0	1293.981535434723
77	0.0	10.0	10.0	-10.0	165.05	0.006891026	2.534553	12.656619	-12.202112	312000	-0.056758154	-0.0037445824	25.209146	-0.02147611	0.43775102	0.6004016	0.5675815	-4.5911e-05	0.017050704	79.0	1300.9040205478668
78	0.0	10.0	10.0	-10.0	169.82353	-0.01789354	2.3273547	12.633537	-11.946458	316000	-0.056451697	-0.003744085	25.041359	-0.021159172	0.43775102	0.6004016	0.56451696	0.00043346034	0.017129472	79.0	1307.8891961574554
79	0.0	10.0	10.0	-10.0	174.23529	-0.0024766899	2.4353895	12.37035	-12.011772	320000	-0.056127727	-0.0037317332	24.907858	-0.020771027	0.43775102	0.6004016	0.5612772	0.00065172213	0.016985735	79.0	1315.0537405014038
80	0.0	10.0	10.0	-10.0	169.11111	-0.002120682	2.3548076	12.224931	-12.393945	324000	-0.055812012	-0.003727882	24.790709	-0.020583153	0.48092368	0.61646587	0.5581201	8.297832e-05	0.016896525	79.0	1506.3624856472015
81	0.0	10.0	10.0	-10.0	203.23077	0.0063149775	2.166758	12.319059	-13.215024	328000	-0.055509884	-0.0037074853	24.640703	-0.020266851	0.48092368	0.61646587	0.5550987	0.00035564194	0.016717939	79.0	1513.3805921077728
82	0.0	10.0	10.0	-10.0	186.26315	-0.026745612	2.2111933	12.404264	-13.006669	332000	-0.055174466	-0.0036952135	24.552652	-0.020033836	0.48092368	0.61646587	0.55174464	0.00015380992	0.01674717	79.0	1520.6638300418854
83	0.0	10.0	10.0	-10.0	181.0	0.011269356	2.6403759	12.480306	-11.969868	336000	-0.054839537	-0.003698513	24.445612	-0.019235611	0.48092368	0.61646587	0.54839534	0.0003050708	0.017526455	79.0	1527.53546667099
84	0.0	10.0	10.0	-10.0	165.0	-0.008350266	2.1765053	11.938323	-12.750319	340000	-0.05452402	-0.0036779642	24.357857	-0.018075943	0.48092368	0.61646587	0.54524016	-6.6108296e-05	0.01709798	79.0	1534.8334276676178
85	0.0	10.0	10.0	-10.0	180.11111	-0.007391946	2.3596604	12.815796	-12.512148	344000	-0.054197717	-0.0036566264	24.236465	-0.01794815	0.48092368	0.61646587	0.5419772	0.0006772228	0.016456865	79.0	1542.2280600070953
86	0.0	10.0	10.0	-10.0	219.6875	-0.016198661	2.3094244	12.731175	-12.371493	348000	-0.053896546	-0.0036473672	24.122168	-0.016184172	0.48092368	0.61646587	0.5389654	0.00038004885	0.017055849	79.0	1549.757234096527
87	0.0	10.0	10.0	-10.0	204.0	-0.04376333	2.4372973	12.467686	-12.03437	352000	-0.053585704	-0.0036450278	23.987787	-0.018729845	0.48092368	0.61646587	0.53585696	0.000116936746	0.017213235	79.0	1557.2430160045624
88	0.0	10.0	10.0	-10.0	193.64706	-0.01970658	2.2940514	12.796967	-13.089165	356000	-0.05326913	-0.0036285638	23.876076	-0.01665783	0.48092368	0.61646587	0.5326913	0.00040051228	0.016972028	79.0	1564.7808289527893
89	0.0	10.0	10.0	-10.0	191.66667	0.015169127	2.1009278	12.07783	-11.9549265	360000	-0.052940775	-0.0036301687	23.759203	-0.016679764	0.48092368	0.61646587	0.5294079	8.545226e-05	0.016569348	79.0	1572.5332894325256
90	0.0	10.0	10.0	-10.0	168.8	0.00771175	2.2938876	12.076719	-12.855919	364000	-0.05262369	-0.0035979562	23.680403	-0.015867233	0.48694777	0.5983936	0.52623683	0.00027889988	0.016601767	79.0	1750.9779777526855
91	0.0	10.0	10.0	-10.0	168.94118	-0.013861549	2.4323058	12.028259	-12.130333	368000	-0.05228007	-0.0035799865	23.567535	-0.015979132	0.48694777	0.5983936	0.5228006	0.00014234119	0.016691966	79.0	1758.5454235076904
92	0.0	10.0	10.0	-10.0	198.26666	-0.0089627635	2.3187263	12.145036	-12.090952	372000	-0.051948767	-0.003593672	23.453033	-0.015334765	0.48694777	0.5983936	0.51948756	0.0001924326	0.01676004	79.0	1766.1573770046234
93	0.0	10.0	10.0	-10.0	244.46153	-0.010763876	2.0961208	13.55197	-12.550247	376000	-0.05163384	-0.0035897065	23.333204	-0.013838768	0.48694777	0.5983936	0.5163384	0.000114262104	0.016170425	79.0	1773.7847926616669
94	0.0	10.0	10.0	-10.0	152.55	0.005568249	2.5647986	11.647523	-13.203239	380000	-0.051314097	-0.0036020204	23.25637	-0.014067967	0.48694777	0.5983936	0.5131409	0.00065336825	0.015738105	79.0	1781.6903252601624
95	0.0	10.0	10.0	-10.0	208.9375	-0.012930563	2.4254518	11.906335	-12.494884	384000	-0.051034752	-0.0035550918	23.152718	-0.014555931	0.48694777	0.5983936	0.5103476	0.00019919383	0.016399212	79.0	1789.6789999008179
96	0.0	10.0	10.0	-10.0	194.42857	-0.009934743	2.5267785	11.831174	-12.696551	388000	-0.05070764	-0.0035514086	23.040476	-0.013388951	0.48694777	0.5983936	0.5070763	0.0004010139	0.015389101	79.0	1797.8624022006989
97	0.0	10.0	10.0	-10.0	190.66667	-0.014592951	2.3295975	12.112935	-13.459325	392000	-0.050406765	-0.003541556	22.943617	-0.012478192	0.48694777	0.5983936	0.5040676	2.3256309e-05	0.015927916	79.0	1805.9987561702728
98	0.0	10.0	10.0	-10.0	224.06667	-0.014101336	2.1444693	11.883549	-13.244179	396000	-0.05014375	-0.0035305824	22.860321	-0.012596766	0.48694777	0.5983936	0.5014375	-0.00017582027	0.015739225	79.0	1814.1767070293427
99	0.0	10.0	10.0	-10.0	206.375	-0.0056620487	2.4425724	11.945984	-11.812136	400000	-0.04988515	-0.0034985747	22.783173	-0.011626244	0.48694777	0.5983936	0.4988514	0.00012972819	0.015481732	79.0	1822.376627445221
100	0.0	10.0	10.0	-10.0	181.82353	-0.0042979736	2.350258	11.639241	-12.858572	404000	-0.049578726	-0.003482585	22.695625	-0.011138916	0.5230924	0.61495984	0.49578726	0.00015109143	0.01527146	79.0	1997.4218225479126
101	0.0	10.0	10.0	-10.0	158.90475	-0.0036251873	2.3520203	12.685087	-14.810059	408000	-0.049295843	-0.0034730807	22.665527	-0.010839462	0.5230924	0.61495984	0.4929583	0.00020326988	0.015277532	79.0	2005.1550574302673
102	0.0	9.607689	10.0	-10.0	245.76923	-0.0043960307	2.0952141	11.072988	-12.303052	412000	-0.049000025	-0.0034598857	22.557867	-0.010452907	0.5230924	0.61495984	0.49000016	0.00019449215	0.015345442	79.0	2013.468516588211
103	0.0	10.0	10.0	-10.0	181.5	-0.0069495733	2.4101307	12.44104	-12.185504	416000	-0.048690528	-0.0034388967	22.482916	-0.009867668	0.5230924	0.61495984	0.48690525	0.0002800039	0.01498614	79.0	2021.9407370090485
104	0.0	9.701425	10.0	-10.0	179.23529	-0.025994774	2.4184175	11.810371	-12.401289	420000	-0.04840718	-0.003432521	22.403769	-0.009430885	0.5230924	0.61495984	0.48407182	0.0003852183	0.015327233	79.0	2030.332720041275
105	0.0	10.0	10.0	-10.0	221.92308	-0.005863617	2.1614537	12.440234	-12.584658	424000	-0.048114985	-0.0034150493	22.294632	-0.009207408	0.5230924	0.61495984	0.48114967	0.00015070789	0.0150893815	79.0	2038.7496185302734
106	0.0	10.0	10.0	-10.0	181.47058	-0.004987499	2.1881368	11.490981	-13.007596	428000	-0.047820885	-0.0034053915	22.237076	-0.008900642	0.5230924	0.61495984	0.47820893	-0.00021061588	0.015085178	79.0	2047.290679216385
107	0.0	10.0	10.0	-10.0	243.41667	-0.0264108	1.805975	11.508119	-12.602478	432000	-0.047546554	-0.0033956568	22.12943	-0.008515676	0.5230924	0.61495984	0.47546563	-8.964427e-05	0.015074101	79.0	2055.8004059791565
108	0.0	9.607689	10.0	-10.0	240.3077	-0.0092120655	2.0291753	12.619981	-13.053753	436000	-0.047273707	-0.0033792916	22.025284	-0.0083351135	0.5230924	0.61495984	0.47273698	0.00032636334	0.014734919	79.0	2064.3865411281586
109	0.0	10.0	10.0	-10.0	171.9	-0.019890483	2.2024026	12.066272	-11.88337	440000	-0.04702	-0.003375591	21.942991	-0.008253734	0.5230924	0.61495984	0.47020006	-6.191695e-05	0.015017291	79.0	2072.648229122162
110	0.0	10.0	10.0	-10.0	233.6923	-0.011951264	2.2742245	11.578174	-12.540597	444000	-0.046745677	-0.0033652808	21.855232	-0.007812818	0.5	0.58483934	0.46745685	0.00025488806	0.015005997	79.0	2226.759684085846
111	0.0	10.0	10.0	-10.0	186.82353	-0.012493212	2.240568	11.568137	-11.559042	448000	-0.046499085	-0.0033456106	21.809748	-0.007765452	0.5	0.58483934	0.46499094	0.00026750917	0.014714492	79.0	2235.239332675934
112	0.0	10.0	10.0	-10.0	207.90909	-0.006133321	1.9931042	11.075133	-11.809125	452000	-0.04620931	-0.0033394645	21.70534	-0.007417361	0.5	0.58483934	0.46209309	5.1805797e-05	0.01524312	79.0	2243.3017313480377
113	0.0	10.0	10.0	-10.0	214.66667	-0.012116189	2.3810701	12.181135	-12.884027	456000	-0.04592828	-0.003334108	21.628416	-0.007180214	0.5	0.58483934	0.4592829	0.0002331114	0.015229045	79.0	2252.1860344409943
114	0.0	10.0	10.0	-10.0	202.57143	-0.00032074674	1.9299169	12.197377	-12.220407	460000	-0.0456425	-0.0033334699	21.560562	-0.0071134567	0.5	0.58483934	0.45642492	-0.0001240336	0.0148985945	79.0	2261.059631586075
115	0.0	10.0	10.0	-10.0	193.8125	-0.021583166	2.3538568	11.466533	-12.156445	464000	-0.04536884	-0.0033097963	21.504065	-0.0071083703	0.5	0.58483934	0.4536883	2.3579982e-05	0.01504306	79.0	2270.0395510196686
116	0.0	10.0	10.0	-10.0	192.0	-0.020866908	1.9911605	11.638587	-11.749245	468000	-0.0451218	-0.003306238	21.420801	-0.0043382645	0.5	0.58483934	0.45121798	0.00028473182	0.0145326955	79.0	2278.3781855106354
117	0.0	10.0	10.0	-10.0	252.58333	-0.014415067	2.0342345	11.468636	-11.862208	472000	-0.04487584	-0.003388089	21.335604	-0.0046660104	0.5	0.58483934	0.44875836	0.0007420391	0.015350096	79.0	2287.392558336258
118	0.0	10.0	10.0	-10.0	148.05882	0.041019887	2.4037998	11.821697	-11.940374	476000	-0.044797745	-0.0033414215	21.289534	-0.0105594	0.5	0.58483934	0.4479773	0.00029938098	0.015008706	79.0	2296.3591108322144
119	0.0	10.0	10.0	-10.0	192.26666	-0.013947018	2.2320414	12.933332	-12.207231	480000	-0.044550132	-0.0032785565	21.226822	-0.006204605	0.5	0.58483934	0.44550124	0.00019093242	0.014580205	79.0	2305.2316415309906
120	0.0	10.0	10.0	-10.0	233.0	0.0072673303	2.0938396	11.090292	-12.1585045	484000	-0.044289198	-0.003269137	21.162912	-0.006043116	0.56626505	0.63805217	0.44289204	0.00014820417	0.01461172	79.0	2458.6971752643585
121	0.0	10.0	10.0	-10.0	198.06667	-0.005487044	2.1694012	12.004097	-13.005177	488000	-0.044020187	-0.0032666132	21.065695	-0.005674998	0.56626505	0.63805217	0.44020185	6.995318e-05	0.014561693	79.0	2467.1932899951935
122	0.0	10.0	10.0	-10.0	184.8	-0.001094721	2.050895	11.593885	-12.883063	492000	-0.043744486	-0.0032578148	21.012709	-0.0055971146	0.56626505	0.63805217	0.43744493	0.00033923192	0.014626416	79.0	2476.315828561783
123	0.0	10.0	10.0	-10.0	230.6923	-0.007866562	1.9609798	11.72803	-11.560489	496000	-0.043511476	-0.0032450587	20.944656	-0.005098661	0.56626505	0.63805217	0.4351147	7.3306874e-06	0.014371227	79.0	2485.65869140625
124	0.0	10.0	10.0	-10.0	177.41176	-0.0035156652	2.453381	11.644981	-12.67498	500000	-0.043279115	-0.0032358624	20.882698	-0.0057369866	0.56626505	0.63805217	0.43279114	0.00037143394	0.014153153	79.0	2495.0137753486633
125	0.0	10.0	10.0	-10.0	161.15	-0.0035735203	2.680956	11.952855	-12.554601	504000	-0.043043274	-0.0032312367	20.833567	-0.005177498	0.56626505	0.63805217	0.4304327	0.00017822841	0.014699223	79.0	2504.4361715316772
126	0.0	10.0	10.0	-10.0	177.94118	-0.016783893	2.1693325	10.754716	-12.232017	508000	-0.042794317	-0.0032135795	20.801092	-0.004895846	0.56626505	0.63805217	0.42794323	9.962148e-05	0.014488898	79.0	2513.8998925685883
127	0.0	10.0	10.0	-10.0	183.5	-0.025461396	2.3337119	11.890151	-12.624501	512000	-0.042542607	-0.0032157458	20.741997	-0.005269686	0.56626505	0.63805217	0.4254261	0.0002331696	0.014492031	79.0	2523.468378305435
128	0.0	10.0	10.0	-10.0	224.25	-0.016158102	2.0844302	11.858296	-12.832892	516000	-0.042346925	-0.0032065753	20.673004	-0.0036522548	0.56626505	0.63805217	0.42346928	0.00031936192	0.01439327	79.0	2533.0370757579803
129	0.0	10.0	10.0	-10.0	185.1875	0.017510803	2.4701667	12.067939	-12.026872	520000	-0.04211067	-0.0032227598	20.62219	-0.0019845963	0.56626505	0.63805217	0.42110682	0.0003263614	0.013724301	79.0	2542.7029781341553
130	0.0	9.682458	10.0	-10.0	224.0	0.027441531	2.0511274	12.981691	-12.671296	524000	-0.041959625	-0.0032260455	20.569128	-0.008440018	0.5923695	0.67018074	0.41959628	-8.223933e-05	0.0147752715	79.0	2709.6787996292114
131	0.0	9.534626	10.0	-10.0	282.63635	-0.013795114	2.1017199	11.305781	-12.519483	528000	-0.04170513	-0.0031812277	20.484426	-0.004535675	0.5923695	0.67018074	0.4170514	0.00016587344	0.013961879	79.0	2719.271950483322
132	0.0	10.0	10.0	-10.0	212.0	-0.009661602	2.0298953	12.423377	-14.46574	532000	-0.04145048	-0.0031699582	20.426207	-0.004348755	0.5923695	0.67018074	0.41450492	5.0380502e-05	0.01394816	79.0	2728.304173707962
133	0.0	10.0	10.0	-10.0	158.6	-0.0095609715	2.504631	11.997392	-12.888585	536000	-0.04119398	-0.0031561286	20.381762	-0.0017194748	0.5923695	0.67018074	0.41193986	0.00033213277	0.013802982	79.0	2737.8548455238342
134	0.0	10.0	10.0	-10.0	196.33333	-0.042710498	2.323381	11.967	-13.930498	540000	-0.040953655	-0.003183253	20.337149	-0.0065120063	0.5923695	0.67018074	0.4095365	0.00014951972	0.01437178	79.0	2747.651798725128
135	0.0	9.701425	10.0	-10.0	200.0	-0.007515283	2.0992665	11.140158	-13.04907	544000	-0.04068929	-0.0031424116	20.2837	-0.0043287277	0.5923695	0.67018074	0.406893	2.7127782e-05	0.013596316	79.0	2757.7451894283295
136	0.0	10.0	10.0	-10.0	259.18182	-0.011376174	2.1643202	10.642099	-12.046771	548000	-0.040480305	-0.0031417795	20.203691	-0.003724734	0.5923695	0.67018074	0.40480313	-0.00014044414	0.013536346	79.0	2767.57279253006
137	0.0	10.0	10.0	-10.0	173.83333	0.002574883	2.2355714	11.911666	-12.86047	552000	-0.040252432	-0.0031377983	20.174461	-0.0041430793	0.5923695	0.67018074	0.40252435	-1.7758182e-05	0.013591491	79.0	2777.3754575252533
138	0.0	10.0	10.0	-10.0	200.47058	-0.007834273	2.2994373	11.615602	-12.606541	556000	-0.04000933	-0.0031305228	20.139328	-0.004043261	0.5923695	0.67018074	0.4000932	-0.00014689776	0.0139384	79.0	2787.1689717769623
139	0.0	9.701425	10.0	-10.0	188.64706	-0.020241572	2.2018955	10.864534	-12.443803	560000	-0.039764047	-0.0031231071	20.1016	-0.0038735073	0.5923695	0.67018074	0.39764038	0.0004103574	0.013640426	79.0	2796.90908408165
140	0.0	10.0	10.0	-10.0	264.18182	-0.009153646	2.0352836	11.470204	-12.736663	564000	-0.03956462	-0.0031226452	20.03753	-0.0037024815	0.57228917	0.6772089	0.3956462	0.00016900762	0.013809022	79.0	2967.038629770279
141	0.0	10.0	10.0	-10.0	221.38461	-0.01010267	1.9789224	13.001363	-14.668983	568000	-0.039332196	-0.0031119685	19.971397	-0.0035263698	0.57228917	0.6772089	0.393322	1.5492406e-06	0.013843068	79.0	2977.1183309555054
142	0.0	10.0	10.0	-10.0	187.06667	-0.008028739	2.1434789	12.891965	-13.944469	572000	-0.03909537	-0.003099962	19.9288	-0.003803889	0.57228917	0.6772089	0.3909537	0.00031008583	0.013550264	79.0	2986.904685497284
143	0.0	10.0	10.0	-10.0	207.0	-0.01468451	2.1834207	11.70989	-11.629225	576000	-0.038919028	-0.0030963335	19.88015	-0.0035794575	0.57228917	0.6772089	0.38919032	5.012949e-05	0.013543926	79.0	2997.474221229553
144	0.0	10.0	10.0	-10.0	259.1	0.000941666	2.0103183	11.454698	-13.517869	580000	-0.03869555	-0.0030899905	19.815441	-0.0035629272	0.57228917	0.6772089	0.3869555	0.00019272957	0.013518691	79.0	3007.7050642967224
145	0.0	10.0	10.0	-10.0	227.0	-0.005738059	2.2235274	11.1500025	-11.9551115	584000	-0.038472172	-0.0030973789	19.75423	-0.003419876	0.57228917	0.6772089	0.38472167	0.00019780571	0.013474948	79.0	3018.258383512497
146	0.0	10.0	10.0	-10.0	184.64285	-0.0132617755	1.8112469	11.79508	-12.024215	588000	-0.038258523	-0.003087261	19.714746	-0.0015789667	0.57228917	0.6772089	0.3825852	0.00012404102	0.013699072	79.0	3029.0303325653076
147	0.0	10.0	10.0	-10.0	205.5	0.02413213	2.0398219	11.186684	-13.607971	592000	-0.038051743	-0.003091937	19.660166	-0.0047159195	0.57228917	0.6772089	0.38051748	0.000490545	0.0136935925	79.0	3039.7293815612793
148	0.0	9.682458	10.0	-10.0	216.5	-0.019447539	2.2550855	12.057446	-12.122251	596000	-0.03783259	-0.003088285	19.610126	-0.0036195118	0.57228917	0.6772089	0.37832606	0.0003712198	0.013659633	79.0	3049.9130256175995
149	0.0	10.0	10.0	-10.0	219.46153	-0.011449845	1.8574438	11.671796	-12.633148	600000	-0.03766876	-0.0030697074	19.542576	-0.0031407673	0.57228917	0.6772089	0.37668777	0.000200812	0.013733733	79.0	3060.5326669216156
150	0.0	10.0	10.0	-10.0	178.76471	-0.011599513	2.2878535	10.954118	-11.814897	604000	-0.03749044	-0.0030690797	19.503033	-0.0032043457	0.5391566	0.6746988	0.3749043	0.00030600204	0.013466281	79.0	3242.5387320518494
151	0.0	9.660918	10.0	-10.0	217.06667	-0.0036967306	2.2905626	11.151776	-10.9116745	608000	-0.03729536	-0.0030669228	19.465195	-0.00325648	0.5391566	0.6746988	0.37295365	0.0002979324	0.013540679	79.0	3253.429059267044
152	0.0	10.0	10.0	-10.0	206.53847	-0.018034128	1.8220125	12.778406	-13.106577	612000	-0.037065756	-0.0030477792	19.414276	-0.0030787785	0.5391566	0.6746988	0.37065747	-0.00019700317	0.013598566	79.0	3264.272626876831
153	0.0	10.0	10.0	-10.0	257.07693	-0.010750226	2.1880534	13.340757	-12.830623	616000	-0.03686348	-0.003047961	19.364408	-0.0030199687	0.5391566	0.6746988	0.3686347	0.00014591876	0.013385951	79.0	3275.250440120697
154	0.0	9.534626	10.0	-10.0	242.0	-0.01434209	1.9483461	11.607001	-13.300695	620000	-0.036648568	-0.0030471582	19.305712	-0.0024404526	0.5391566	0.6746988	0.36648574	6.15145e-05	0.01361765	79.0	3286.2002470493317
155	0.0	9.486833	10.0	-10.0	289.3	-0.009989187	1.6643109	10.800585	-12.335148	624000	-0.03645656	-0.0030545208	19.24868	-0.0035715103	0.5391566	0.6746988	0.3645657	-0.00013925742	0.012680148	79.0	3296.8265252113342
156	0.0	8.944272	10.0	-10.0	265.8	-0.023535702	1.65609	12.247861	-11.777274	628000	-0.03637765	-0.0030379004	19.176254	-0.0028835933	0.5391566	0.6746988	0.36377653	0.00020837058	0.013422658	79.0	3307.6764352321625
157	0.0	10.0	10.0	-10.0	221.07692	-0.01631159	1.986892	11.827976	-11.269094	632000	-0.036144804	-0.0030402746	19.124838	-0.0028282802	0.5391566	0.6746988	0.36144808	0.00020108865	0.013074785	79.0	3318.706820487976
158	0.0	10.0	10.0	-10.0	233.92308	-0.012360234	1.9269451	12.252089	-12.293785	636000	-0.035930086	-0.003030625	19.072287	-0.002755801	0.5391566	0.6746988	0.35930085	0.00025290894	0.013097216	79.0	3329.2688546180725
159	0.0	10.0	10.0	-10.0	206.57143	0.003616656	2.0487652	12.587229	-12.238217	640000	-0.035718102	-0.0030278296	19.025185	-0.0028244655	0.5391566	0.6746988	0.35718098	8.484345e-05	0.01298486	79.0	3340.0531680583954
160	0.0	10.0	10.0	-10.0	203.0	-0.010673632	2.001071	11.73016	-11.565663	644000	-0.035529763	-0.0030261695	18.976864	-0.002175967	0.53112453	0.6726907	0.35529757	7.903907e-05	0.013016122	79.0	3529.165876865387
161	0.0	10.0	10.0	-10.0	225.58333	-0.014731985	1.6291978	12.620221	-10.982944	648000	-0.035336636	-0.0030648212	18.925467	-0.0028734207	0.53112453	0.6726907	0.3533664	0.00047009057	0.013941411	79.0	3540.1131477355957
162	0.0	10.0	10.0	-10.0	231.46153	-0.031665623	2.0647707	11.7171755	-13.922237	652000	-0.035094477	-0.0030074834	18.870018	0.00081221265	0.53112453	0.6726907	0.35094467	7.228926e-06	0.013191105	79.0	3551.2097058296204
163	0.0	10.0	10.0	-10.0	241.64285	-0.041333437	2.0903654	11.313855	-11.332263	656000	-0.03491574	-0.0031147841	18.846924	-0.0064131417	0.53112453	0.6726907	0.34915745	0.0005043465	0.014249004	79.0	3562.572476387024
164	0.0	10.0	10.0	-10.0	209.5625	-0.01906937	2.2934346	11.631184	-13.022348	660000	-0.034867663	-0.0030165284	18.811996	-0.0015827814	0.53112453	0.6726907	0.34867668	0.0003378054	0.013686414	79.0	3574.244791507721
165	0.0	10.0	10.0	-10.0	178.25	-0.042516217	2.1227448	12.446597	-13.6974535	664000	-0.034617487	-0.0030104716	18.766973	-0.0033928554	0.53112453	0.6726907	0.34617504	0.00023297856	0.013203715	79.0	3585.557524204254
166	0.0	10.0	10.0	-10.0	195.14285	-0.014291374	2.1266804	11.57444	-12.340586	668000	-0.03447138	-0.0029997975	18.73339	-0.0027046204	0.53112453	0.6726907	0.34471384	0.0003258395	0.013271506	79.0	3597.10573387146
167	0.0	10.0	10.0	-10.0	260.41666	-0.024796326	2.0408647	11.820151	-13.581447	672000	-0.03426593	-0.003000309	18.687605	-0.0020434062	0.53112453	0.6726907	0.34265935	9.366357e-05	0.013083768	79.0	3608.7566549777985
168	0.0	10.0	10.0	-10.0	271.63635	-0.0018004751	1.8509587	11.796198	-13.078674	676000	-0.034062024	-0.0030076858	18.638235	-0.0027898152	0.53112453	0.6726907	0.34062028	6.84647e-05	0.013381724	79.0	3620.243499517441
169	0.0	10.0	10.0	-10.0	214.5	-0.013326905	1.9703133	12.178169	-12.395347	680000	-0.033836808	-0.0029923667	18.590334	-0.0023911793	0.53112453	0.6726907	0.33836803	7.144944e-05	0.0129791545	79.0	3632.3316855430603
170	0.0	9.636241	10.0	-10.0	216.42857	-0.019497383	2.3585987	11.720404	-12.570456	684000	-0.033632834	-0.0029922295	18.561588	-0.0019922256	0.48895583	0.6490963	0.33632827	0.00037299117	0.013157894	79.0	3830.90491938591
171	0.0	10.0	10.0	-10.0	201.35294	0.012066057	2.2888815	12.092808	-11.962506	688000	-0.033421695	-0.002997122	18.54986	-0.0028149288	0.48895583	0.6490963	0.33421695	0.00023752742	0.013407302	79.0	3842.862365961075
172	0.0	10.0	10.0	-10.0	287.22223	-0.014869383	1.9891537	12.915322	-12.658018	692000	-0.033197332	-0.002987424	18.497091	-0.0022741954	0.48895583	0.6490963	0.33197328	-0.00027084159	0.013169962	79.0	3854.1375131607056
173	0.0	9.534626	10.0	-10.0	261.9091	-0.021969764	1.753386	11.351913	-12.944859	696000	-0.0330196	-0.0029849124	18.447199	0.0023930867	0.48895583	0.6490963	0.33019596	0.00025932703	0.013340928	79.0	3866.441129207611
174	0.0	10.0	10.0	-10.0	194.5	-0.058366127	2.0294898	12.354762	-12.299385	700000	-0.0328182	-0.0030630908	18.416079	-0.0070025125	0.48895583	0.6490963	0.32818204	0.00028846643	0.0148670105	79.0	3878.7557289600372
175	0.0	10.0	10.0	-10.0	215.92857	-0.018359065	1.9766462	11.560053	-12.451378	704000	-0.03267176	-0.0029844847	18.374424	-0.0021835964	0.48895583	0.6490963	0.3267176	0.0005509987	0.013484365	79.0	3890.933502674103
176	0.0	10.0	10.0	-10.0	265.0	-0.018863998	1.8437644	12.545554	-12.450985	708000	-0.032449063	-0.0029796686	18.357443	-0.0022125244	0.48895583	0.6490963	0.32449058	0.00027845494	0.013556636	79.0	3902.8961696624756
177	0.0	10.0	10.0	-10.0	233.46153	0.0012628912	2.0348642	11.931502	-12.191678	712000	-0.032232333	-0.0029807414	18.31852	-0.002137502	0.48895583	0.6490963	0.3223233	-4.8142043e-05	0.013530385	79.0	3915.5151646137238
178	0.0	10.0	10.0	-10.0	195.86667	-0.012862443	2.1102803	12.000988	-12.825191	716000	-0.032029282	-0.0029822607	18.297901	-0.0020891826	0.48895583	0.6490963	0.32029274	0.00021049155	0.013909859	79.0	3927.634422302246
179	0.0	10.0	10.0	-10.0	272.9	-0.023630014	1.9002293	11.768331	-13.209925	720000	-0.03181779	-0.0029862858	18.247257	-0.0022160213	0.48895583	0.6490963	0.31817797	0.00022794002	0.013820765	79.0	3939.9560289382935
180	0.0	9.258201	10.0	-10.0	268.57144	-0.01816337	1.5038338	10.876983	-11.089307	724000	-0.031610277	-0.002974432	18.179146	-0.0020011265	0.49698797	0.6676707	0.31610277	-4.7270285e-05	0.013615134	79.0	4133.428378582001
181	0.0	9.701425	10.0	-10.0	194.17647	-0.016899949	2.2074678	11.420922	-12.754459	728000	-0.031426277	-0.0029825391	18.160852	-0.002225558	0.49698797	0.6676707	0.3142628	0.00020883909	0.013749327	79.0	4146.040163516998
182	0.0	9.486833	10.0	-10.0	312.6	-0.015461053	1.612238	13.071068	-14.322078	732000	-0.031227037	-0.0029688154	18.116392	-0.0021181107	0.49698797	0.6676707	0.31227037	-0.0001593934	0.013547017	79.0	4158.952574968338
183	0.0	9.636241	10.0	-10.0	213.35715	-0.021151874	1.9987981	11.797676	-12.165524	736000	-0.031051876	-0.0029738033	18.073675	-0.0020097096	0.49698797	0.6676707	0.31051886	-7.039465e-05	0.013417629	79.0	4172.051776409149
184	0.0	9.574271	10.0	-10.0	284.91666	-0.017427778	2.0793018	11.527478	-13.475738	740000	-0.030856455	-0.0029676713	18.031975	-0.0019671123	0.49698797	0.6676707	0.30856454	0.00011743143	0.013209154	79.0	4184.698047399521
185	0.0	10.0	10.0	-10.0	202.26666	-0.008029034	2.1011996	11.769028	-14.007717	744000	-0.030666633	-0.0029681076	18.004833	-0.0021073024	0.49698797	0.6676707	0.30666634	0.00032356175	0.0132148275	79.0	4196.805966377258
186	0.0	10.0	10.0	-10.0	222.61539	-0.0134900715	1.9051012	12.50702	-13.922663	748000	-0.030479208	-0.002956927	17.976377	-0.002052943	0.49698797	0.6676707	0.30479214	0.00023055554	0.013257242	79.0	4209.605318069458
187	0.0	10.0	10.0	-10.0	208.3077	-0.014857055	1.885268	11.973597	-13.401438	752000	-0.030295841	-0.002958242	17.94484	-0.002011617	0.49698797	0.6676707	0.30295846	0.0003024071	0.0131827295	79.0	4223.018707513809
188	0.0	10.0	10.0	-10.0	195.4	-0.003173669	2.0480192	12.587347	-13.04102	756000	-0.030112969	-0.002946264	17.920448	-0.0020240147	0.49698797	0.6676707	0.3011296	-2.2867136e-05	0.013231486	79.0	4236.239568948746
189	0.0	10.0	10.0	-10.0	225.64285	-0.012713331	2.0534894	13.010634	-13.830014	760000	-0.029951215	-0.0029499503	17.89683	-0.0013370514	0.49698797	0.6676707	0.29951212	4.8164045e-05	0.013217165	79.0	4248.855097293854
190	0.0	10.0	10.0	-10.0	299.5	0.0075495075	1.7178468	12.717005	-12.725968	764000	-0.029766908	-0.0029592004	17.842035	0.00093809766	0.4759036	0.66516066	0.29766896	-1.3820206e-05	0.013334669	79.0	4448.170461893082
191	0.0	10.0	10.0	-10.0	201.85715	0.0012230792	1.9935267	12.303765	-12.138569	768000	-0.029580513	-0.0030861257	17.819128	-0.0055290856	0.4759036	0.66516066	0.29580507	0.00040559642	0.014940071	79.0	4461.428767442703
192	0.0	10.0	10.0	-10.0	188.73334	-0.0060781827	1.9749663	11.475828	-12.777914	772000	-0.0295878	-0.0029412725	17.791544	-0.0017665228	0.4759036	0.66516066	0.29587802	-1.7868908e-05	0.013420156	79.0	4474.833053350449
193	0.0	10.0	10.0	-10.0	281.0	-0.025033785	2.0904164	12.354039	-12.466822	776000	-0.029364223	-0.0029457079	17.75997	-0.0020729702	0.4759036	0.66516066	0.2936422	-0.00015532099	0.013441921	79.0	4487.946408510208
194	0.0	10.0	10.0	-10.0	195.3125	-0.024126824	1.9559077	12.139483	-12.860459	780000	-0.029161826	-0.0029328717	17.741781	-0.0021711986	0.4759036	0.66516066	0.29161823	0.00035502095	0.0133203715	79.0	4501.208575487137
195	0.0	9.607689	10.0	-10.0	214.0	-0.01611211	1.7777066	10.829075	-12.112263	784000	-0.02897887	-0.002926589	17.70978	-0.001964887	0.4759036	0.66516066	0.28978863	0.00034036685	0.013158567	79.0	4514.212942361832
196	0.0	10.0	10.0	-10.0	265.5	-0.016933743	1.9355733	12.237315	-12.353791	788000	-0.028809518	-0.002935507	17.671541	-0.001897494	0.4759036	0.66516066	0.2880951	0.00033485636	0.013487472	79.0	4527.862865924835
197	0.0	10.0	10.0	-10.0	244.85715	-0.009792482	1.8430637	11.681667	-12.665581	792000	-0.028615052	-0.0029343227	17.657318	0.0039949417	0.4759036	0.66516066	0.28615046	0.00042420975	0.013404188	79.0	4540.820634126663
198	0.0	9.607689	10.0	-10.0	233.0	0.06055884	2.0138533	13.142959	-12.962204	796000	-0.02843277	-0.0030035765	17.624846	-0.007838885	0.4759036	0.66516066	0.28432772	0.00027290746	0.014040423	79.0	4553.518057823181
199	0.0	10.0	10.0	-10.0	215.06667	-0.006844239	2.0061822	12.083394	-13.249056	800000	-0.02822917	-0.0029293867	17.600332	-0.0018510818	0.4759036	0.66516066	0.28229165	0.0002922937	0.013386511	79.0	4567.54404258728
200	0.0	10.0	10.0	-10.0	250.76923	-0.016919252	2.0071564	13.105575	-12.286395	804000	-0.028061949	-0.0029212327	17.573175	-0.0018488566	0.45883536	0.66064256	0.28061938	-3.1456224e-05	0.013063437	79.0	4775.760710477829
201	0.0	10.0	10.0	-10.0	198.58333	-0.016826836	1.8454424	11.172679	-13.769819	808000	-0.027922705	-0.002916041	17.545275	-0.0019111633	0.45883536	0.66064256	0.27922705	-0.00020928944	0.013301668	79.0	4788.942032337189
202	0.0	10.0	10.0	-10.0	218.13333	-0.006079841	2.1177437	12.12791	-12.08192	812000	-0.027753545	-0.0029130122	17.525167	-0.0018326441	0.45883536	0.66064256	0.27753535	0.0002417591	0.013419825	79.0	4802.853875160217
203	0.0	9.660918	10.0	-10.0	208.66667	-0.013980681	1.9439185	11.38764	-11.251262	816000	-0.027586738	-0.0029091546	17.495176	-0.0018472672	0.45883536	0.66064256	0.27586743	9.2599796e-05	0.01344359	79.0	4816.224509239197
204	0.0	10.0	10.0	-10.0	217.9	-0.022176687	1.8273052	11.957017	-11.469739	820000	-0.02742956	-0.0029072743	17.453825	-0.0017738342	0.45883536	0.66064256	0.27429554	-8.096131e-05	0.013393882	79.0	4829.492771625519
205	0.0	9.682458	10.0	-10.0	214.375	-0.004992315	2.29698	11.412525	-11.912358	824000	-0.027260648	-0.0029104569	17.431751	0.00066947937	0.45883536	0.66064256	0.27260655	0.00016100051	0.013200093	79.0	4843.352689504623
206	0.0	9.636241	10.0	-10.0	255.92857	0.032063592	2.0576053	12.003546	-11.886167	828000	-0.027084311	-0.0029525852	17.405771	-0.004318873	0.45883536	0.66064256	0.27084318	0.0003437868	0.013934224	79.0	4857.112593173981
207	0.0	10.0	10.0	-10.0	205.78572	-0.019553864	2.227004	12.734494	-11.924692	832000	-0.026960574	-0.0028917624	17.378311	-0.0017757416	0.45883536	0.66064256	0.26960567	2.8279765e-05	0.013523139	79.0	4871.236597537994
208	0.0	10.0	10.0	-10.0	295.9091	-0.013427527	2.1600816	12.003689	-12.875842	836000	-0.02678758	-0.0028839295	17.345953	-0.0017029444	0.45883536	0.66064256	0.26787576	0.0002846371	0.013324329	79.0	4884.328044891357
209	0.0	10.0	10.0	-10.0	244.46666	-0.018173466	2.1602638	12.103474	-12.991556	840000	-0.026641259	-0.0028792138	17.330496	0.0033419926	0.45883536	0.66064256	0.2664125	0.00064500765	0.013254922	79.0	4897.837366819382
210	0.0	10.0	10.0	-10.0	231.28572	0.04488287	2.1971004	12.811098	-12.5355015	844000	-0.02651299	-0.0030338122	17.31027	-0.0070749917	0.4086345	0.6485944	0.26513	0.00019999621	0.015352438	79.0	5113.076887369156
211	0.0	10.0	10.0	-10.0	229.6923	-0.014426927	1.8260734	12.49405	-13.9779825	848000	-0.02636017	-0.0028694354	17.28946	-0.0018148422	0.4086345	0.6485944	0.26360163	0.00038190847	0.013740745	79.0	5127.324923992157
212	0.0	10.0	10.0	-10.0	278.63635	-0.0049367878	1.8541409	12.698534	-13.553224	852000	-0.026189014	-0.0028660344	17.253708	-0.0016619364	0.4086345	0.6485944	0.2618901	-5.464634e-05	0.013413648	79.0	5141.6898765563965
213	0.0	10.0	10.0	-10.0	219.0	-0.019218147	2.1381133	12.645845	-13.502545	856000	-0.026026921	-0.0028761607	17.22867	-0.0019229254	0.4086345	0.6485944	0.26026925	0.00041729864	0.0135357315	79.0	5155.960533380508
214	0.0	10.0	10.0	-10.0	210.66667	-0.010257908	1.9649836	12.183651	-13.384712	860000	-0.02585464	-0.0028700344	17.195177	-0.00177447	0.4086345	0.6485944	0.2585463	0.000172985	0.013614195	79.0	5170.384213447571
215	0.0	10.0	10.0	-10.0	291.54544	-0.004375045	1.804666	11.545145	-11.812459	864000	-0.025683092	-0.0028598954	17.166971	-0.0017404556	0.4086345	0.6485944	0.25683096	0.00048072403	0.012824167	79.0	5184.936911821365
216	0.0	10.0	10.0	-10.0	244.45454	-0.030912373	1.8685323	11.785245	-13.211728	868000	-0.025550256	-0.002854762	17.135674	-0.0009126663	0.4086345	0.6485944	0.25550246	0.00012432654	0.013129489	79.0	5199.342386484146
217	0.0	10.0	10.0	-10.0	219.5	-0.023491127	1.8486897	12.853013	-12.271446	872000	-0.025420288	-0.0028735471	17.108315	-0.0025698345	0.4086345	0.6485944	0.25420293	-0.00013219049	0.013275891	79.0	5214.29522228241
218	0.0	10.0	10.0	-10.0	258.75	-0.01153171	2.0754664	12.468254	-12.435652	876000	-0.02534774	-0.0028475577	17.077562	-0.00068632764	0.4086345	0.6485944	0.25347736	5.1294493e-05	0.013046152	79.0	5229.128089904785
219	0.0	9.607689	10.0	-10.0	246.61539	-0.050157264	2.1354027	11.662747	-13.1527405	880000	-0.025172548	-0.0028542576	17.050333	0.00028006235	0.4086345	0.6485944	0.25172544	-1.7265984e-05	0.013247338	79.0	5244.035230636597
220	0.0	10.0	10.0	-10.0	216.92857	-0.012010531	1.9124162	12.061145	-12.55312	884000	-0.02498696	-0.002979119	17.03457	-0.004831632	0.39859438	0.6385543	0.24986959	-0.00010829741	0.015257905	79.0	5457.394375085831
221	0.0	9.636241	10.0	-10.0	200.71428	0.008873071	2.3585522	11.415539	-11.65344	888000	-0.024999639	-0.0028592537	17.002386	-0.0016829172	0.39859438	0.6385543	0.2499963	0.00043792467	0.013165756	79.0	5471.9832582473755
222	0.0	9.534626	10.0	-10.0	269.27274	-0.009150995	1.7807612	12.010768	-11.636863	892000	-0.0248147	-0.0028642546	16.968435	-0.0016622543	0.39859438	0.6385543	0.24814701	-0.00016272924	0.013063512	79.0	5486.446355581284
223	0.0	10.0	10.0	-10.0	214.0	-0.01095504	1.97655	12.66176	-14.451854	896000	-0.024637623	-0.0028528215	16.941786	-0.0013392767	0.39859438	0.6385543	0.24637616	7.490575e-05	0.012744888	79.0	5501.692340135574
224	0.0	10.0	10.0	-10.0	258.83334	-0.028624184	2.0324998	13.472304	-12.726114	900000	-0.02449367	-0.0028481504	16.918997	-0.0020068486	0.39859438	0.6385543	0.2449366	8.419453e-05	0.013004671	79.0	5516.567733764648
225	0.0	10.0	10.0	-10.0	229.85715	-0.017734056	2.0627673	12.916011	-11.709576	904000	-0.02435045	-0.0028545533	16.896921	-0.001074473	0.39859438	0.6385543	0.24350445	-0.00013507351	0.01284415	79.0	5531.963729858398
226	0.0	10.0	10.0	-10.0	250.6923	-0.01415614	2.0171678	12.138305	-11.723162	908000	-0.024216058	-0.0028833041	16.87227	-0.0020271938	0.39859438	0.6385543	0.24216063	2.3847422e-05	0.013184992	79.0	5547.141405820847
227	0.0	10.0	10.0	-10.0	300.2	-0.0017343679	1.768239	11.097175	-11.685877	912000	-0.024049835	-0.0028651503	16.845552	-0.0017414093	0.39859438	0.6385543	0.24049835	-0.00014012856	0.013012464	79.0	5563.317309617996
228	0.0	10.0	10.0	-10.0	222.84616	-0.013561204	1.8895261	11.572978	-12.119868	916000	-0.023915919	-0.002853052	16.828896	-0.0015888214	0.39859438	0.6385543	0.23915918	0.00024016039	0.012820135	79.0	5578.567373991013
229	0.0	9.42809	10.0	-10.0	273.8889	-0.015579993	1.5164409	10.879907	-11.696368	920000	-0.023782248	-0.002852531	16.782587	-0.0003153483	0.39859438	0.6385543	0.23782246	9.228859e-05	0.012849807	79.0	5593.8138654232025
230	0.0	9.42809	10.0	-10.0	317.1111	0.013805706	1.7175727	11.289453	-11.413932	924000	-0.02366001	-0.0028881207	16.74882	-0.0027850468	0.38654622	0.6345381	0.23660018	-6.3739186e-05	0.013068805	79.0	5804.7860860824585
231	0.0	10.0	10.0	-10.0	295.77777	-0.017819531	1.5911236	11.37366	-12.166775	928000	-0.023540823	-0.0028579708	16.714128	-0.0015192032	0.38654622	0.6345381	0.23540814	0.00020547071	0.013038901	79.0	5820.55233669281
232	0.0	10.0	10.0	-10.0	212.57143	-0.0024129928	2.1485007	11.97739	-13.496367	932000	-0.023419647	-0.002861547	16.70195	-0.0014937719	0.38654622	0.6345381	0.2341965	0.0003993905	0.012903999	79.0	5835.803329229355
233	0.0	10.0	10.0	-10.0	279.0909	-0.0025471156	1.6252472	10.892179	-10.979349	936000	-0.023278564	-0.0028583512	16.67896	-0.0014047623	0.38654622	0.6345381	0.23278563	-7.1209775e-05	0.0129648885	79.0	5851.565014362335
234	0.0	10.0	10.0	-10.0	289.72726	0.0061098705	1.9259686	11.809597	-11.743404	940000	-0.02315765	-0.002862206	16.650425	-0.0016425451	0.38654622	0.6345381	0.23157655	0.00022933917	0.013093946	79.0	5867.127547264099
235	0.0	10.0	10.0	-10.0	327.875	-0.012326878	1.5250415	12.170923	-11.793871	944000	-0.023031635	-0.00288119	16.614553	-0.0015687943	0.38654622	0.6345381	0.23031642	5.799752e-05	0.013484883	79.0	5883.318295240402
236	0.0	10.0	10.0	-10.0	239.83333	-0.004429921	1.768417	13.29781	-14.588781	948000	-0.02286913	-0.0028713355	16.59133	-0.00020917256	0.38654622	0.6345381	0.22869124	0.00015746316	0.0131597845	79.0	5899.2362542152405
237	0.0	10.0	10.0	-10.0	272.8	0.016288219	1.571429	12.452513	-13.014915	952000	-0.022727886	-0.0028904586	16.562113	-0.002860387	0.38654622	0.6345381	0.22727883	0.0001230329	0.013443065	79.0	5915.0721180438995
238	0.0	10.0	10.0	-10.0	225.66667	-0.007855907	2.015716	11.559797	-11.877318	956000	-0.02262427	-0.0028647908	16.528835	-0.0014772415	0.38654622	0.6345381	0.2262427	0.00012718874	0.013245986	79.0	5931.158782243729
239	0.0	10.0	10.0	-10.0	262.0	-1.6840371e-05	1.8748007	11.355868	-13.070037	960000	-0.02249452	-0.002867821	16.497503	-0.0015331904	0.38654622	0.6345381	0.22494523	-0.00038546065	0.013332081	79.0	5947.34147310257
240	0.0	10.0	10.0	-10.0	242.0	-0.00040941572	1.7731936	13.417396	-13.30809	964000	-0.02236244	-0.0028614684	16.477673	-0.0015672048	0.34236947	0.61445785	0.22362436	0.00011485266	0.013222766	79.0	6170.028607368469
241	0.0	10.0	10.0	-10.0	173.3	0.0019809129	2.192071	11.9549465	-11.95691	968000	-0.022242015	-0.0028636607	16.474058	-0.0011622111	0.34236947	0.61445785	0.22242014	0.00034521343	0.013322723	79.0	6186.613643169403
242	0.0	10.0	10.0	-10.0	227.16667	-0.0115077095	1.917291	10.712442	-12.491506	972000	-0.022116868	-0.0029035294	16.453238	-0.0019381841	0.34236947	0.61445785	0.22116871	0.00015077401	0.014268383	79.0	6203.189159154892
243	0.0	10.0	10.0	-10.0	196.1	-0.002561836	1.8086541	12.56874	-11.910416	976000	-0.02195116	-0.002867679	16.415215	-0.0014282862	0.34236947	0.61445785	0.2195117	0.00017475207	0.013327365	79.0	6219.350684642792
244	0.0	9.486833	10.0	-10.0	299.2	-0.0027096267	1.5387133	11.127793	-12.495203	980000	-0.021837635	-0.0028611738	16.38193	-0.0016387304	0.34236947	0.61445785	0.21837623	-2.0409547e-05	0.01325407	79.0	6235.982145547867
245	0.0	10.0	10.0	-10.0	342.1	-0.015041498	1.9638963	12.341118	-13.06752	984000	-0.021760395	-0.0028657245	16.356247	0.0013114611	0.34236947	0.61445785	0.21760398	0.00035221138	0.013222064	79.0	6252.32365322113
246	0.0	10.0	10.0	-10.0	221.81818	0.007090904	1.9076374	11.968308	-11.120298	988000	-0.02162358	-0.0029824125	16.337675	-0.002281348	0.34236947	0.61445785	0.21623583	0.00039399325	0.0154131865	79.0	6268.438729524612
247	0.0	10.0	10.0	-10.0	336.0	-0.042085025	1.6847891	12.3357525	-12.1557665	992000	-0.02150357	-0.0029006593	16.309568	-0.0023282368	0.34236947	0.61445785	0.21503568	0.00054555293	0.014107353	79.0	6285.173460960388
248	0.0	10.0	10.0	-10.0	205.26666	0.026831152	1.8656769	11.956273	-11.793422	996000	-0.021513408	-0.0028910376	16.298254	-0.0016465187	0.34236947	0.61445785	0.2151341	6.659455e-05	0.013823059	79.0	6301.3531131744385
249	0.0	9.636241	10.0	-10.0	252.92857	0.020860834	2.0742328	12.214073	-13.457798	1000000	-0.021380125	-0.002872116	16.27974	-0.0022439957	0.34236947	0.61445785	0.21380122	0.0001897211	0.013514514	79.0	6317.847496032715
250	0.0	10.0	10.0	-10.0	231.76923	0.0077009792	2.0630448	12.020621	-11.873317	1004000	-0.021347001	-0.0028747907	16.258354	-0.0018116633	0.3624498	0.6154618	0.21346997	-2.061372e-05	0.013657083	79.0	6533.375182628632
251	0.0	10.0	10.0	-10.0	340.55554	-0.016845653	1.773473	11.797398	-11.577456	1008000	-0.021197574	-0.0028730382	16.229408	-0.0017194748	0.3624498	0.6154618	0.21197568	0.0007063411	0.01384718	79.0	6550.1926646232605
252	0.0	9.258201	10.0	-10.0	405.2857	-0.0067439233	1.3063766	11.194264	-12.130318	1012000	-0.021074912	-0.0028490482	16.190592	-0.0015996298	0.3624498	0.6154618	0.21074907	8.87062e-05	0.012966524	79.0	6566.781605243683
253	0.0	10.0	10.0	-10.0	340.375	-0.008117561	1.5633923	12.240876	-12.06003	1016000	-0.020965002	-0.0028636942	16.158197	-0.0015487671	0.3624498	0.6154618	0.20965011	0.00020553292	0.013481493	79.0	6583.5793261528015
254	0.0	9.486833	10.0	-10.0	272.6	-0.018581416	1.5681157	12.15543	-12.140764	1020000	-0.020835103	-0.002862689	16.12533	-0.00034999847	0.3624498	0.6154618	0.20835108	0.00025729355	0.013469352	79.0	6600.10692358017
255	0.0	10.0	10.0	-10.0	171.46666	-0.030262604	2.095232	12.220798	-12.803351	1024000	-0.020713948	-0.002853982	16.11283	-0.0027370453	0.3624498	0.6154618	0.20713954	-6.288733e-05	0.013378125	79.0	6617.077512979507
256	0.0	10.0	10.0	-10.0	242.91667	0.0019097176	1.7830446	11.405978	-12.662692	1028000	-0.020699792	-0.0028581985	16.09402	-0.0015942255	0.3624498	0.6154618	0.20699792	0.00024039247	0.01331195	79.0	6633.5338571071625
257	0.0	10.0	10.0	-10.0	363.875	-0.008826254	1.6088113	12.129525	-12.08518	1032000	-0.02056767	-0.0028507963	16.065653	-0.0016086897	0.3624498	0.6154618	0.20567675	0.00029693285	0.013333586	79.0	6650.497638940811
258	0.0	8.819171	10.0	-10.0	349.55554	-0.025637472	1.7122226	11.618764	-11.351842	1036000	-0.020445922	-0.0028515381	16.027063	-0.0015961329	0.3624498	0.6154618	0.2044593	0.0001119967	0.013473417	79.0	6667.335130214691
259	0.0	10.0	10.0	-10.0	222.75	-0.019103225	2.158434	12.07725	-13.085971	1040000	-0.0203321	-0.00285314	16.009357	-0.0016191801	0.3624498	0.6154618	0.20332102	2.3773813e-05	0.013259895	79.0	6684.317952156067
260	0.0	10.0	10.0	-10.0	226.16667	-0.0036102624	1.911192	12.514052	-12.7183275	1044000	-0.0202154	-0.002851637	15.984073	-0.0016001066	0.35943773	0.622992	0.20215388	0.00018155844	0.013259907	79.0	6902.301030874252
261	0.0	9.534626	10.0	-10.0	228.72728	0.0051960023	1.900988	11.4743185	-12.105201	1048000	-0.020101925	-0.002842596	15.956897	-0.001425902	0.35943773	0.622992	0.20101924	9.60943e-05	0.01310232	79.0	6919.243680238724
262	0.0	9.42809	10.0	-10.0	337.44446	-0.020845776	1.5750178	12.248048	-13.216295	1052000	-0.020002067	-0.0028379352	15.926212	-0.0018571218	0.35943773	0.622992	0.2000206	5.4044474e-05	0.013071056	79.0	6936.1619210243225
263	0.0	10.0	10.0	-10.0	259.33334	-0.012487305	1.8793536	12.4111185	-11.864803	1056000	-0.019961791	-0.0028485889	15.89358	-0.0016361872	0.35943773	0.622992	0.19961788	0.00029693914	0.013023441	79.0	6954.076770067215
264	0.0	10.0	10.0	-10.0	258.18182	-0.0043879915	1.5731325	11.509374	-14.3203945	1060000	-0.019845666	-0.002844643	15.872083	-0.0014106432	0.35943773	0.622992	0.19845672	0.00012455863	0.013120196	79.0	6971.7186641693115
265	0.0	10.0	10.0	-10.0	257.45456	0.004504997	1.4986898	11.637208	-11.529467	1064000	-0.019736156	-0.0028851302	15.8511505	-0.0019626617	0.35943773	0.622992	0.19736151	0.00047061258	0.01412879	79.0	6989.581971883774
266	0.0	10.0	10.0	-10.0	263.63635	-0.008689346	1.7932074	12.537172	-13.75719	1068000	-0.019618412	-0.0028440238	15.835808	-0.0017029444	0.35943773	0.622992	0.19618416	0.00020860613	0.013482583	79.0	7007.042316436768
267	0.0	10.0	10.0	-10.0	233.6	-0.0023377575	2.0801883	11.535637	-12.05621	1072000	-0.019521007	-0.0028427897	15.826587	-0.0005771319	0.35943773	0.622992	0.19520997	0.00021338886	0.013229181	79.0	7025.3132066726685
268	0.0	10.0	10.0	-10.0	276.4	0.014854683	1.9334784	12.576885	-12.380186	1076000	-0.01942641	-0.0028814084	15.80042	-0.0028020542	0.35943773	0.622992	0.19426417	9.4530405e-05	0.014085182	79.0	7042.964163541794
269	0.0	10.0	10.0	-10.0	213.73334	-0.0134689845	1.9504523	11.416755	-12.016456	1080000	-0.019313164	-0.0028267556	15.792346	-0.0017703375	0.35943773	0.622992	0.1931317	0.00014399241	0.01307882	79.0	7061.09256529808
270	0.0	10.0	10.0	-10.0	232.63637	-0.0093613	1.7002889	12.167408	-13.342375	1084000	-0.019240182	-0.002822763	15.774587	-0.0018175443	0.35843372	0.6149599	0.19240187	0.00022039351	0.012765995	79.0	7285.925188541412
271	0.0	10.0	10.0	-10.0	240.54546	-0.011528369	1.5467502	12.031652	-12.31046	1088000	-0.019184785	-0.0028139337	15.756673	-0.0019017855	0.35843372	0.6149599	0.1918478	0.00015398914	0.012972991	79.0	7304.143238067627
272	0.0	10.0	10.0	-10.0	257.9091	-0.011921542	1.9018172	13.475284	-12.096249	1092000	-0.019110085	-0.0028145004	15.737645	-0.0014853477	0.35843372	0.6149599	0.1911009	6.5393666e-05	0.012943346	79.0	7322.573216199875
273	0.0	10.0	10.0	-10.0	205.76923	-0.03490881	1.9950408	11.929219	-11.5151825	1096000	-0.019035792	-0.0028022164	15.718993	-0.0023741722	0.35843372	0.6149599	0.19035792	9.421419e-05	0.012784225	79.0	7341.298165798187
274	0.0	9.607689	10.0	-10.0	245.76923	-0.0005107403	1.8397856	12.251547	-12.525978	1100000	-0.018953582	-0.002806077	15.697441	-0.0020724933	0.35843372	0.6149599	0.18953578	0.00032374493	0.012971607	79.0	7359.571905612946
275	0.0	10.0	10.0	-10.0	270.0	-0.014331097	1.754179	12.650529	-11.483398	1104000	-0.01887151	-0.002808512	15.679508	-0.0019548733	0.35843372	0.6149599	0.18871509	0.00022641981	0.012822151	79.0	7378.489508867264
276	0.0	9.42809	10.0	-10.0	289.22223	-0.02500382	1.5708697	12.917836	-12.080417	1108000	-0.018777924	-0.0028115949	15.64629	-0.001888752	0.35843372	0.6149599	0.18777919	0.00016308842	0.0128341345	79.0	7397.346367120743
277	0.0	10.0	10.0	-10.0	250.7	-0.003968325	1.6812289	13.334724	-12.949686	1112000	-0.018678255	-0.0028014814	15.627747	-0.0018866857	0.35843372	0.6149599	0.18678255	0.00021469414	0.013125535	79.0	7415.986120700836
278	0.0	9.354143	10.0	-10.0	336.5	-0.002128625	1.396909	11.588672	-11.402365	1116000	-0.018598355	-0.0027947286	15.598758	-0.00177145	0.35843372	0.6149599	0.18598354	0.000112467096	0.012804023	79.0	7434.516903877258
279	0.0	10.0	10.0	-10.0	267.66666	-0.0069328803	1.7424333	11.9654455	-11.825141	1120000	-0.018509455	-0.002770816	15.585116	-0.0018262863	0.35843372	0.6149599	0.18509443	-0.00012564007	0.01273461	79.0	7453.407585859299
280	0.0	10.0	10.0	-10.0	267.0	-0.023852028	1.7284579	11.722729	-12.045853	1124000	-0.018429063	-0.002769176	15.557228	-0.0017054876	0.36345384	0.62249	0.18429053	0.0002662772	0.012962249	79.0	7685.717923641205
281	0.0	10.0	10.0	-10.0	261.5	-0.005421227	1.7611881	11.596488	-13.507357	1128000	-0.018329721	-0.002755305	15.54657	-0.0017105738	0.36345384	0.62249	0.18329714	0.00014976347	0.012714843	79.0	7704.548979043961
282	0.0	10.0	10.0	-10.0	245.16667	-0.0072612716	1.9431498	12.045818	-11.741488	1132000	-0.018247735	-0.0027633656	15.528374	-0.0016091665	0.36345384	0.62249	0.18247731	5.8005553e-05	0.013035121	79.0	7722.914140224457
283	0.0	10.0	10.0	-10.0	289.18182	-0.010584129	1.6456962	11.744073	-12.304935	1136000	-0.018151864	-0.0027482293	15.515873	0.0024747849	0.36345384	0.62249	0.1815186	-0.00011395392	0.012648213	79.0	7742.594256639481
284	0.0	10.0	10.0	-10.0	278.2	-0.06752651	1.6530559	11.445867	-14.292003	1140000	-0.018071504	-0.002800219	15.500009	-0.0057873726	0.36345384	0.62249	0.18071513	1.58865e-05	0.013261507	79.0	7761.578304767609
285	0.0	10.0	10.0	-10.0	310.9	-0.013560758	1.5591526	12.187324	-12.264386	1144000	-0.01807837	-0.0027559346	15.473643	-0.0015616417	0.36345384	0.62249	0.18078376	0.00030995565	0.0129487	79.0	7780.185612201691
286	0.0	10.0	10.0	-10.0	205.92308	-0.017199099	1.9532758	12.801884	-11.797747	1148000	-0.017967222	-0.0027509176	15.457031	-0.0014737447	0.36345384	0.62249	0.17967217	5.2693384e-05	0.01269039	79.0	7799.289168834686
287	0.0	9.607689	10.0	-10.0	241.3077	-0.00310503	1.7972704	11.919846	-13.432534	1152000	-0.017868845	-0.0027691966	15.446037	-0.0016002655	0.36345384	0.62249	0.17868833	-5.4350044e-06	0.013127711	79.0	7819.009549379349
288	0.0	9.574271	10.0	-10.0	233.33333	-0.025139872	1.7197573	11.842206	-11.890457	1156000	-0.017765507	-0.002766732	15.426395	-0.0013279915	0.36345384	0.62249	0.17765506	0.00017446668	0.013197453	79.0	7837.74050617218
289	0.0	10.0	10.0	-10.0	217.58333	0.0030231224	1.7825292	11.820416	-12.480929	1160000	-0.01765915	-0.0027463296	15.411687	0.0007092158	0.36345384	0.62249	0.1765915	7.645813e-05	0.012512081	79.0	7857.388372659683
290	0.0	10.0	10.0	-10.0	223.42857	-0.046285976	1.8743284	12.943927	-12.579764	1164000	-0.017611446	-0.0027340043	15.407402	-0.003086726	0.3554217	0.6204819	0.17611438	0.00022338222	0.012669886	79.0	8086.768890142441
291	0.0	10.0	10.0	-10.0	266.0	-0.002319174	2.1369085	14.09919	-14.678682	1168000	-0.017526902	-0.0027971936	15.387668	0.0005052884	0.3554217	0.6204819	0.17526902	0.00067868084	0.013697345	79.0	8106.540763616562
292	0.0	10.0	10.0	-10.0	215.14285	0.046298373	1.8887424	12.4424515	-12.326225	1172000	-0.01743924	-0.0028223617	15.382736	-0.0041767755	0.3554217	0.6204819	0.17439242	8.055131e-05	0.014627683	79.0	8126.514274835587
293	0.0	10.0	10.0	-10.0	307.2	-0.021803461	1.5185357	12.590186	-13.11116	1176000	-0.017331008	-0.002770499	15.359322	-0.0015249252	0.3554217	0.6204819	0.17331004	2.7373499e-05	0.013513513	79.0	8146.4383063316345
294	0.0	10.0	10.0	-10.0	273.85715	-0.015011629	1.657622	11.857702	-12.495702	1180000	-0.017227862	-0.002751541	15.332421	0.00012000402	0.3554217	0.6204819	0.1722786	0.00043888218	0.013429531	79.0	8166.737712621689
295	0.0	10.0	10.0	-10.0	258.54544	0.0093019195	1.653446	11.713774	-12.629225	1184000	-0.017142357	-0.0026880212	15.316806	-0.0029037793	0.3554217	0.6204819	0.17142363	0.00030224034	0.0127281	79.0	8186.371425151825
296	0.0	10.0	10.0	-10.0	266.58334	-0.012830283	1.7476138	13.755247	-12.607694	1188000	-0.017122058	-0.0026018505	15.295392	-0.0013456345	0.3554217	0.6204819	0.1712206	0.00023440627	0.012496504	79.0	8205.69693517685
297	0.0	10.0	10.0	-10.0	325.25	0.008167267	1.518678	13.005614	-11.185953	1192000	-0.017019542	-0.0026060622	15.272952	-0.0012559891	0.3554217	0.6204819	0.1701955	0.00028357474	0.012581793	79.0	8225.349661827087
298	0.0	9.534626	10.0	-10.0	280.0909	0.006673789	1.6500794	12.149749	-12.148629	1196000	-0.01692061	-0.0026146832	15.253804	-0.0013333956	0.3554217	0.6204819	0.16920602	0.00026942595	0.012594953	79.0	8244.839201927185
299	0.0	9.354143	10.0	-10.0	365.25	0.011237373	1.6722842	13.304052	-12.658411	1200000	-0.01682227	-0.0026292724	15.227577	-0.0008319219	0.3554217	0.6204819	0.16822274	0.00011708503	0.012679346	79.0	8264.043301820755
300	0.0	10.0	10.0	-10.0	254.18182	-0.0230742	1.8691894	12.368805	-13.288359	1204000	-0.01672153	-0.0026728415	15.219734	0.00022935867	0.38654616	0.63353413	0.16721523	-0.00011244469	0.013618685	79.0	8496.43286204338
301	0.0	10.0	10.0	-10.0	237.78572	-0.038014464	1.8249646	12.169215	-13.157587	1208000	-0.016604885	-0.0026866402	15.214272	0.0004324913	0.38654616	0.63353413	0.16604884	0.00035231272	0.013394189	79.0	8516.384462118149
302	0.0	9.534626	10.0	-10.0	285.63635	0.057525963	1.7995714	11.744719	-11.11644	1212000	-0.016644737	-0.0026739824	15.195302	-0.0017372767	0.38654616	0.63353413	0.16644745	-0.0002545356	0.013172001	79.0	8536.312362670898
303	0.0	10.0	10.0	-10.0	231.16667	0.0034292915	1.8541855	13.654922	-13.25499	1216000	-0.016547497	-0.0029283706	15.183276	0.0023891132	0.38654616	0.63353413	0.16547494	0.00011529661	0.018350177	79.0	8556.420854330063
304	0.0	10.0	10.0	-10.0	227.16667	0.08445462	2.1370366	13.351274	-12.461701	1220000	-0.016431019	-0.0026660345	15.172322	-0.0061448417	0.38654616	0.63353413	0.16431017	0.00021743953	0.012220007	79.0	8576.546094417572
305	0.0	9.534626	10.0	-10.0	300.36365	0.01991356	1.8736396	15.011123	-12.594175	1224000	-0.016380938	-0.0028795635	15.150737	-0.0034049351	0.38654616	0.63353413	0.16380934	0.00011179498	0.016992481	79.0	8596.75286579132
306	0.0	10.0	10.0	-10.0	285.6	0.0013528409	1.7400728	11.173393	-11.974556	1228000	-0.016269647	-0.0026785203	15.129951	-0.0011475881	0.38654616	0.63353413	0.16269644	0.00020882372	0.013440966	79.0	8616.061374425888
307	0.0	9.534626	10.0	-10.0	267.45456	-0.04425345	1.6617957	11.533529	-12.094359	1232000	-0.016165344	-0.002663689	15.110797	-0.0011083285	0.38654616	0.63353413	0.16165346	0.0003722733	0.0132413255	79.0	8636.609383106232
308	0.0	10.0	10.0	-10.0	232.33333	0.0055782506	1.4329028	11.619667	-12.038371	1236000	-0.016076218	-0.0026440315	15.08701	-0.0011709532	0.38654616	0.63353413	0.1607622	9.952247e-05	0.012249303	79.0	8656.982816696167
309	0.0	10.0	10.0	-10.0	272.75	0.0023560405	2.1031897	13.901553	-11.820942	1240000	-0.016024135	-0.0026859834	15.076165	-0.0017822584	0.38654616	0.63353413	0.16024134	-6.3046136e-05	0.012540363	79.0	8677.645740747452
310	0.0	10.0	10.0	-10.0	207.57143	0.015051173	1.9665861	12.202357	-12.805389	1244000	-0.015988203	-0.0026670613	15.061577	-0.0011553764	0.35140562	0.627008	0.15988208	9.920206e-05	0.01246544	79.0	8916.469485282898
311	0.0	9.42809	10.0	-10.0	303.33334	-0.0020102025	1.5062903	12.100554	-11.9868145	1248000	-0.015892373	-0.0026456907	15.035327	-0.0012936592	0.35140562	0.627008	0.15892372	-9.707918e-05	0.012236595	79.0	8937.04903292656
312	0.0	9.574271	10.0	-10.0	239.75	-0.027892157	2.0761032	11.100102	-12.500724	1252000	-0.015827298	-0.002653613	15.022899	0.0020915668	0.35140562	0.627008	0.1582729	9.503676e-05	0.012047191	79.0	8957.23389005661
313	0.0	10.0	10.0	-10.0	258.84616	-0.054282583	2.1590528	11.979159	-12.974108	1256000	-0.015758513	-0.002649836	15.01712	-0.0045692124	0.35140562	0.627008	0.15758504	0.00022291006	0.012058635	79.0	8978.005504131317
314	0.0	10.0	10.0	-10.0	210.6923	-0.001190165	1.977726	11.931175	-14.067456	1260000	-0.01572038	-0.0026486262	14.997959	0.003636678	0.35140562	0.627008	0.15720384	-3.80623e-05	0.012113303	79.0	8998.193703174591
315	0.0	10.0	10.0	-10.0	252.6923	-0.05543362	2.0418081	14.383387	-12.362292	1264000	-0.015631987	-0.002654183	14.990163	-0.0059757233	0.35140562	0.627008	0.1563198	0.00011989552	0.012065864	79.0	9018.432311534882
316	0.0	10.0	10.0	-10.0	233.66667	-0.0110766785	1.8206348	14.399683	-12.283264	1268000	-0.015609791	-0.002653026	14.972179	-0.0011417071	0.35140562	0.627008	0.15609796	8.7838336e-05	0.012226738	79.0	9039.092653989792
317	0.0	9.534626	10.0	-10.0	307.18182	-0.018339239	1.8676234	11.81146	-12.56811	1272000	-0.015517014	-0.0026461303	14.951843	-0.0011587143	0.35140562	0.627008	0.15517007	0.00032726163	0.011694084	79.0	9059.732863426208
318	0.0	10.0	10.0	-10.0	226.2	-0.010510625	1.461624	13.042241	-12.655302	1276000	-0.01544598	-0.0026502647	14.935777	-0.0011409124	0.35140562	0.627008	0.15445988	0.00014763851	0.011929248	79.0	9080.212134122849
319	0.0	10.0	10.0	-10.0	325.625	-0.014315266	1.3190185	10.858598	-12.181912	1280000	-0.015368062	-0.002645365	14.912933	-0.0011167526	0.35140562	0.627008	0.15368056	0.00015248668	0.011615913	79.0	9101.709039926529
320	0.0	10.0	10.0	-10.0	216.71428	0.00088287663	1.8632671	11.747317	-12.426953	1284000	-0.015315001	-0.0026514512	14.899877	-0.0011277199	0.39056227	0.63955826	0.15314996	-0.000108010754	0.011761762	79.0	9333.046415805817
321	0.0	9.42809	10.0	-10.0	332.1111	-0.004142478	1.6946782	12.419164	-12.340104	1288000	-0.015248317	-0.0026708802	14.874156	-0.0011601448	0.39056227	0.63955826	0.15248321	-0.00011687105	0.012292184	79.0	9353.716034173965
322	0.0	10.0	10.0	-10.0	283.75	0.0020934006	2.0416782	13.322037	-12.53167	1292000	-0.01516588	-0.002646203	14.871913	0.0007960002	0.39056227	0.63955826	0.15165879	-0.00012938351	0.011887275	79.0	9374.636669874191
323	0.0	9.574271	10.0	-10.0	276.91666	-0.0445989	1.8716811	11.630396	-12.780906	1296000	-0.015115924	-0.0026566347	14.858262	-0.00014575322	0.39056227	0.63955826	0.15115924	-0.00021270009	0.011930141	79.0	9395.837435007095
324	0.0	10.0	10.0	-10.0	244.75	0.048103724	1.6056203	15.157882	-12.710949	1300000	-0.015106574	-0.0027347945	14.848759	-0.0034732819	0.39056227	0.63955826	0.15106577	0.00033788415	0.01400054	79.0	9416.600380420685
325	0.0	9.12871	10.0	-10.0	429.16666	-0.0074107177	1.7102143	12.163948	-14.60891	1304000	-0.015019749	-0.0026605676	14.818184	-0.001587073	0.39056227	0.63955826	0.15019743	0.00013683546	0.011783256	79.0	9437.411146640778
326	0.0	9.534626	10.0	-10.0	322.36365	-0.017692823	1.7168969	12.355081	-12.731964	1308000	-0.015028662	-0.0026510684	14.806825	-0.00095415115	0.39056227	0.63955826	0.1502866	-8.446262e-06	0.012144406	79.0	9458.542600631714
327	0.0	10.0	10.0	-10.0	226.38461	-0.004721716	1.4396287	12.485557	-13.161065	1312000	-0.014949811	-0.0026448052	14.80096	-0.0011096001	0.39056227	0.63955826	0.14949808	3.966946e-05	0.011978443	79.0	9481.181432008743
328	0.0	10.0	10.0	-10.0	318.8889	-0.0008286406	1.5145539	11.887918	-12.394371	1316000	-0.014881399	-0.002661592	14.780179	-0.0010592142	0.39056227	0.63955826	0.14881398	-9.4184456e-05	0.012279756	79.0	9502.797042608261
329	0.0	10.0	10.0	-10.0	276.33334	0.004709515	1.8459021	13.146947	-13.6048765	1320000	-0.014807169	-0.0026630193	14.759128	-0.0010169348	0.39056227	0.63955826	0.14807165	0.00011286642	0.012637638	79.0	9524.389319181442
330	0.0	10.0	10.0	-10.0	333.66666	0.0048191473	1.669701	11.800968	-12.8392	1324000	-0.014727338	-0.0026579772	14.744727	-0.00091838837	0.38453817	0.64608437	0.14727326	7.809349e-05	0.012084971	79.0	9757.603850126266
331	0.0	10.0	10.0	-10.0	356.33334	-0.0013211246	1.667801	12.328795	-12.255464	1328000	-0.014658224	-0.0026839143	14.728496	-0.0009945234	0.38453817	0.64608437	0.14658229	-8.326712e-06	0.01274844	79.0	9778.87155866623
332	0.0	10.0	10.0	-10.0	225.41667	-0.013969884	1.5485829	11.587841	-11.196239	1332000	-0.0145762665	-0.0026643516	14.716126	-0.001156807	0.38453817	0.64608437	0.14576274	-0.00010391135	0.01250913	79.0	9799.286163806915
333	0.0	9.534626	10.0	-10.0	263.81818	-0.0011229751	1.6212696	11.563042	-12.217177	1336000	-0.01451882	-0.0026726343	14.698418	-0.0009757678	0.38453817	0.64608437	0.14518823	-9.492286e-05	0.012481044	79.0	9820.986831665039
334	0.0	8.819171	10.0	-10.0	303.33334	-0.012318519	1.5163095	11.525338	-12.858671	1340000	-0.014455746	-0.0026778511	14.673205	-0.0010088285	0.38453817	0.64608437	0.14455749	0.00022777561	0.012372074	79.0	9841.621635198593
335	0.0	8.944272	10.0	-10.0	304.8	-0.00088098197	1.447915	11.170935	-12.044911	1344000	-0.014391328	-0.0026661325	14.652471	-0.00078169507	0.38453817	0.64608437	0.14391327	0.00018091018	0.012353499	79.0	9863.783138036728
336	0.0	10.0	10.0	-10.0	338.375	0.005205772	1.5993102	15.842021	-11.244696	1348000	-0.014336388	-0.00271607	14.630683	0.0023945172	0.38453817	0.64608437	0.14336385	0.0004682469	0.013803121	79.0	9885.186801433563
337	0.0	10.0	10.0	-10.0	295.9	0.0018010512	1.9737773	15.58524	-13.046753	1352000	-0.014252153	-0.0028007226	14.613957	-0.0044461885	0.38453817	0.64608437	0.14252158	0.0007463685	0.019416606	79.0	9907.576005458832
338	0.0	10.0	10.0	-10.0	235.72728	-0.014821757	2.0123596	12.131094	-12.085761	1356000	-0.014282498	-0.0026044839	14.59716	-0.000849247	0.38453817	0.64608437	0.14282502	8.4350446e-05	0.011810114	79.0	9929.176406621933
339	0.0	10.0	10.0	-10.0	256.72726	0.024993384	1.95303	12.753571	-13.083609	1360000	-0.014218825	-0.0026308342	14.582028	-0.0012497902	0.38453817	0.64608437	0.14218827	8.743951e-05	0.01275393	79.0	9951.462399959564
340	0.0	10.0	10.0	-10.0	249.07692	-0.0130099375	2.059807	13.935962	-12.159005	1364000	-0.014138813	-0.002615815	14.569794	-0.000954469	0.34738955	0.6119478	0.14138807	9.882697e-05	0.012122828	79.0	10182.098988056183
341	0.0	10.0	10.0	-10.0	312.1111	-0.0018788042	1.4438859	11.7364235	-12.041946	1368000	-0.014077065	-0.0026318391	14.5515175	-0.0009698868	0.34738955	0.6119478	0.1407707	0.00017456821	0.012546903	79.0	10204.371929645538
342	0.0	10.0	10.0	-10.0	295.33334	0.009774841	1.8430042	14.235265	-11.14644	1372000	-0.014004397	-0.002640227	14.534618	-0.00088040036	0.34738955	0.6119478	0.14004397	0.00016171836	0.012647122	79.0	10226.488807439804
343	0.0	10.0	10.0	-10.0	273.6	0.007343466	1.4291569	12.252845	-12.57034	1376000	-0.013933037	-0.0026371342	14.524567	-0.00069061917	0.34738955	0.6119478	0.13933033	0.00017559736	0.01209749	79.0	10249.210425376892
344	0.0	10.0	10.0	-10.0	246.7	-0.0070960177	1.5627242	13.804226	-12.140011	1380000	-0.013868156	-0.0026376247	14.507569	-0.0012755394	0.34738955	0.6119478	0.13868149	5.5837204e-06	0.011697204	79.0	10272.189193964005
345	0.0	10.0	10.0	-10.0	289.22223	-0.022264073	1.853906	12.849081	-11.7988205	1384000	-0.013867839	-0.0026260111	14.487996	-0.0009771982	0.34738955	0.6119478	0.13867845	0.00033774288	0.0120583	79.0	10295.49518108368
346	0.0	10.0	10.0	-10.0	289.58334	0.0028002483	1.8287938	12.528268	-12.374919	1388000	-0.013810444	-0.0026264898	14.483563	-0.0009485881	0.34738955	0.6119478	0.13810445	0.00021333137	0.012475011	79.0	10318.027421951294
347	0.0	10.0	10.0	-10.0	244.09091	-0.016689256	1.8819045	12.626827	-13.142868	1392000	-0.0137453405	-0.002628335	14.4674635	0.009507974	0.34738955	0.6119478	0.13745339	0.00014863686	0.012599525	79.0	10341.457473993301
348	0.0	9.534626	10.0	-10.0	253.72728	-0.09550031	1.7667192	12.075021	-11.19491	1396000	-0.01368015	-0.002631664	14.460534	-0.011407216	0.34738955	0.6119478	0.13680147	0.00018781563	0.015551369	79.0	10364.328435182571
349	0.0	9.607689	10.0	-10.0	265.92307	-0.012334505	1.8568722	11.276196	-11.380568	1400000	-0.013659724	-0.002615464	14.438138	-0.0009466807	0.34738955	0.6119478	0.13659719	0.000147736	0.012309094	79.0	10387.238300085068
350	0.0	10.0	10.0	-10.0	289.0909	-0.0005384298	1.6545107	11.8204155	-12.328462	1404000	-0.013591786	-0.002617918	14.426575	-0.0008514722	0.3694779	0.6305221	0.13591789	-0.000114729715	0.012448345	79.0	10614.794291734695
351	0.0	9.607689	10.0	-10.0	228.46153	-0.029727073	1.7501196	13.19097	-13.36531	1408000	-0.013523717	-0.002639332	14.418599	0.00054804486	0.3694779	0.6305221	0.1352371	0.00013082463	0.0128263915	79.0	10638.199280261993
352	0.0	10.0	10.0	-10.0	241.3077	0.04213881	2.035398	12.172308	-12.563436	1412000	-0.013448353	-0.0026479599	14.408671	-0.0025432904	0.3694779	0.6305221	0.13448346	0.00020141066	0.01263941	79.0	10661.506828784943
353	0.0	9.486833	10.0	-10.0	304.7	0.0039127017	1.6869421	11.729838	-11.516849	1416000	-0.013383552	-0.0026029022	14.389623	0.00137647	0.3694779	0.6305221	0.13383554	0.0002431186	0.0120544275	79.0	10684.658595085144
354	0.0	10.0	10.0	-10.0	218.0	0.050701078	2.0773537	13.813492	-13.053748	1420000	-0.013335928	-0.0026483673	14.387441	-0.0031852722	0.3694779	0.6305221	0.13335922	-0.00016622373	0.013177261	79.0	10707.56881403923
355	0.0	9.354143	10.0	-10.0	334.875	-0.010101498	1.314836	11.805142	-12.863823	1424000	-0.013261247	-0.0025877561	14.363637	-0.0007042885	0.3694779	0.6305221	0.13261253	-9.1429276e-05	0.0113494815	79.0	10731.949436903
356	0.0	10.0	10.0	-10.0	255.83333	-0.02611317	1.735733	11.675238	-12.963451	1428000	-0.0132178515	-0.0025521547	14.353137	-0.0012400945	0.3694779	0.6305221	0.1321785	6.0247166e-05	0.012061782	79.0	10754.932696580887
357	0.0	10.0	10.0	-10.0	265.54544	-0.0067060795	1.8913481	14.516744	-12.043398	1432000	-0.013142176	-0.0025171556	14.337245	-0.00085989636	0.3694779	0.6305221	0.13142179	-6.5207365e-05	0.011775392	79.0	10778.576305866241
358	0.0	10.0	10.0	-10.0	250.0	-0.008062749	2.0333016	12.887992	-13.521598	1436000	-0.013072648	-0.002509618	14.331047	-0.00076675415	0.3694779	0.6305221	0.13072653	-7.954751e-05	0.011681598	79.0	10801.228952646255
359	0.0	10.0	10.0	-10.0	283.4	0.0013572493	1.8541539	13.57541	-12.723023	1440000	-0.013029014	-0.0025623965	14.316127	-0.001159668	0.3694779	0.6305221	0.1302901	6.6712084e-05	0.01271445	79.0	10824.529214859009
360	0.0	9.486833	10.0	-10.0	250.1	-0.0005885925	1.5869584	12.313699	-11.795468	1444000	-0.012952385	-0.0025308102	14.295892	-0.0009083748	0.36546183	0.63152605	0.12952392	0.00036913526	0.011923281	79.0	11045.621827363968
361	0.0	10.0	10.0	-10.0	302.4	-0.0105323875	1.593626	14.300361	-12.447261	1448000	-0.012891593	-0.002543424	14.281606	-0.00071493787	0.36546183	0.63152605	0.12891586	0.00012473024	0.012160641	79.0	11068.880676031113
362	0.0	9.534626	10.0	-10.0	301.54544	-0.006912939	1.78389	13.851204	-12.608954	1452000	-0.012827485	-0.0025398463	14.265147	-0.001094977	0.36546183	0.63152605	0.12827487	-0.00018689576	0.011525989	79.0	11092.264831781387
363	0.0	10.0	10.0	-10.0	208.66667	0.011002716	2.2035022	13.783649	-13.335179	1456000	-0.012811226	-0.0025518427	14.265999	-0.00095192593	0.36546183	0.63152605	0.12811226	9.539819e-05	0.01208248	79.0	11116.405799388885
364	0.0	7.5592895	10.0	-10.0	461.14285	-0.006702474	1.1260962	12.148982	-11.400037	1460000	-0.012749101	-0.002555171	14.238189	0.00023158391	0.36546183	0.63152605	0.12749098	-2.593844e-05	0.01225472	79.0	11140.017339229584
365	0.0	10.0	10.0	-10.0	318.75	-0.024147188	1.6539074	14.427597	-12.9606085	1464000	-0.012692195	-0.002628843	14.217999	-0.00038178763	0.36546183	0.63152605	0.12692201	0.00023850583	0.013596247	79.0	11163.634689092636
366	0.0	9.354143	10.0	-10.0	387.5	-0.03974569	1.3924295	12.083997	-12.397837	1468000	-0.012631466	-0.0025521098	14.197506	-0.0025574367	0.36546183	0.63152605	0.1263146	0.00031398635	0.011900865	79.0	11187.410138845444
367	0.0	9.486833	10.0	-10.0	293.3	-0.0036102033	1.694109	13.508193	-12.905621	1472000	-0.012623775	-0.0025546183	14.178169	-0.00067249936	0.36546183	0.63152605	0.12623781	0.00015275065	0.012147677	79.0	11211.102104902267
368	0.0	10.0	10.0	-10.0	287.72726	-0.01564048	2.009154	13.957249	-13.083366	1476000	-0.012567443	-0.002539695	14.163278	0.0033475559	0.36546183	0.63152605	0.12567438	0.00030245108	0.011405714	79.0	11234.818646669388
369	0.0	9.354143	10.0	-10.0	338.625	0.058564153	1.4939187	12.240622	-13.0741	1480000	-0.012529802	-0.0025998806	14.145695	-0.004864216	0.36546183	0.63152605	0.12529793	-4.9171398e-05	0.012884167	79.0	11258.681452512741
370	0.0	10.0	10.0	-10.0	239.7	-0.006728154	1.809308	12.835287	-11.951991	1484000	-0.0124788545	-0.0026313737	14.129409	0.00012222926	0.33935747	0.6159639	0.12478849	0.00049781497	0.01371992	79.0	11481.862925052643
371	0.0	10.0	10.0	-10.0	240.6	-0.034966584	2.0502236	14.555838	-12.523318	1488000	-0.012404802	-0.0026049602	14.119029	-0.0024662018	0.33935747	0.6159639	0.12404796	0.00034261434	0.012287825	79.0	11505.793174743652
372	0.0	10.0	10.0	-10.0	281.66666	-0.010014211	1.8607318	11.549726	-12.356769	1492000	-0.012424353	-0.0025564586	14.110667	-0.0008749962	0.33935747	0.6159639	0.124243595	0.00021020677	0.012119693	79.0	11529.17371749878
373	0.0	9.354143	10.0	-10.0	367.125	-0.01363394	1.4686099	12.149466	-11.881788	1496000	-0.012365329	-0.0025596446	14.090648	-0.0008589427	0.33935747	0.6159639	0.12365333	1.4055666e-05	0.01195313	79.0	11553.329122543335
374	0.0	10.0	10.0	-10.0	285.5	-0.0048040836	1.9242604	12.624343	-11.827558	1500000	-0.012310189	-0.0025592733	14.07735	-0.00092983246	0.33935747	0.6159639	0.12310193	-1.85005e-05	0.012121789	79.0	11576.811732769012
375	0.0	9.354143	10.0	-10.0	302.375	-0.007346254	1.7122841	11.651113	-12.216916	1504000	-0.012251154	-0.0025456047	14.061127	-0.0009411176	0.33935747	0.6159639	0.12251148	0.0002219091	0.0121950405	79.0	11600.979768037796
376	0.0	9.534626	10.0	-10.0	277.72726	-0.022752095	1.5866427	12.026562	-13.79932	1508000	-0.012200303	-0.0025424557	14.047981	-0.00031646094	0.33935747	0.6159639	0.12200298	8.9690235e-05	0.011946297	79.0	11624.917395114899
377	0.0	9.486833	10.0	-10.0	265.7	0.002233017	1.7039587	12.038528	-12.47672	1512000	-0.012148035	-0.002554387	14.030374	-0.00012302399	0.33935747	0.6159639	0.12148028	9.593354e-05	0.011379436	79.0	11648.461763858795
378	0.0	9.42809	10.0	-10.0	322.1111	-0.0069491984	1.2764596	13.307229	-11.632402	1516000	-0.012147847	-0.002513969	14.016904	-0.002263546	0.33935747	0.6159639	0.12147847	-0.00041257494	0.011044356	79.0	11671.45091176033
379	0.0	9.258201	10.0	-10.0	349.2857	0.0045311684	1.4072161	13.322417	-10.976461	1520000	-0.012111067	-0.0024626397	13.996532	-0.000910759	0.33935747	0.6159639	0.121110596	0.00022345844	0.011456522	79.0	11695.541932106018
380	0.0	10.0	10.0	-10.0	318.1111	-0.008911738	1.6865165	14.1393795	-12.817033	1524000	-0.012058313	-0.0024764398	13.984203	-0.0008999507	0.34236947	0.62198794	0.120583154	3.6803613e-05	0.011992964	79.0	11919.903564929962
381	0.0	10.0	10.0	-10.0	229.0	0.00080333423	2.122668	11.749607	-12.491275	1528000	-0.0119967805	-0.0024857365	13.978119	-0.00045426688	0.34236947	0.62198794	0.119967796	0.000251671	0.011811878	79.0	11943.834964513779
382	0.0	10.0	10.0	-10.0	324.22223	-0.03577821	1.5548122	13.612024	-12.494945	1532000	-0.011937298	-0.0024758356	13.963077	-0.0004623731	0.34236947	0.62198794	0.119372934	-5.94337e-05	0.011558555	79.0	11966.900921821594
383	0.0	9.12871	10.0	-10.0	382.5	-0.016916163	1.3648615	11.729699	-12.460725	1536000	-0.011902402	-0.0025061576	13.943459	-0.0014807383	0.34236947	0.62198794	0.119024076	0.00018253078	0.011577007	79.0	11991.360131263733
384	0.0	10.0	10.0	-10.0	273.3	-0.019727511	1.6326404	12.064439	-12.1483755	1540000	-0.011907194	-0.0024927033	13.931996	-0.0011603037	0.34236947	0.62198794	0.1190719	-6.825579e-05	0.011569686	79.0	12015.337311506271
385	0.0	9.12871	10.0	-10.0	441.33334	-0.004856444	1.5391409	13.318141	-12.104057	1544000	-0.011849676	-0.0025017608	13.908588	0.00044838586	0.34236947	0.62198794	0.118496686	0.00017918767	0.01178737	79.0	12039.105657100677
386	0.0	10.0	10.0	-10.0	238.81818	0.0205382	1.743634	12.925064	-11.5477705	1548000	-0.011792995	-0.0025990212	13.899274	-0.002219836	0.34236947	0.62198794	0.117929995	0.00023807366	0.014096461	79.0	12062.646728277206
387	0.0	10.0	10.0	-10.0	324.44446	0.0073844693	1.578453	12.4226	-12.905818	1552000	-0.0117280185	-0.0025104433	13.886249	-0.0004351934	0.34236947	0.62198794	0.11728024	0.00011444743	0.0120784445	79.0	12086.829796075821
388	0.0	10.0	10.0	-10.0	334.75	-0.014496846	1.6290424	12.426508	-12.480811	1556000	-0.011672468	-0.0025004942	13.875924	-0.00070730847	0.34236947	0.62198794	0.1167247	-0.00012084704	0.011631168	79.0	12110.642746448517
389	0.0	9.42809	10.0	-10.0	339.1111	-0.025195554	1.748188	11.793355	-12.008556	1560000	-0.011664671	-0.0025092347	13.86041	-0.0014801025	0.34236947	0.62198794	0.116646804	0.00023524475	0.011908062	79.0	12134.629282951355
390	0.0	10.0	10.0	-10.0	261.83334	0.0009628707	1.9331973	15.841937	-12.479828	1564000	-0.011625648	-0.0025326365	13.851588	0.002726078	0.3815261	0.63855416	0.116256535	-4.4092518e-05	0.012047853	79.0	12358.095845222473
391	0.0	9.42809	10.0	-10.0	354.8889	0.04643107	1.9364136	13.48189	-13.314553	1568000	-0.011569212	-0.0025931953	13.840358	-0.0044724145	0.3815261	0.63855416	0.11569206	-2.0124042e-05	0.014406946	79.0	12382.500241279602
392	0.0	10.0	10.0	-10.0	273.0	-0.009914077	1.9313004	12.740123	-12.368352	1572000	-0.011507727	-0.0024547705	13.825005	0.0011598269	0.3815261	0.63855416	0.115077354	-6.6727975e-05	0.011581874	79.0	12406.911961317062
393	0.0	10.0	10.0	-10.0	278.9	-0.060725383	1.8822962	11.896311	-12.420108	1576000	-0.0114550935	-0.0024889675	13.816711	-0.0023938816	0.3815261	0.63855416	0.11455101	-0.000109212444	0.012378812	79.0	12431.089126586914
394	0.0	10.0	10.0	-10.0	289.5	0.021656506	1.6601244	11.501548	-12.455242	1580000	-0.01142658	-0.002487055	13.804757	-0.0013796488	0.3815261	0.63855416	0.11426575	2.2240254e-05	0.012096907	79.0	12455.192929983139
395	0.0	10.0	10.0	-10.0	283.0	-0.013150101	1.9014319	15.481787	-13.033047	1584000	-0.011372161	-0.0024621983	13.790809	-0.00091012317	0.3815261	0.63855416	0.11372159	6.311452e-05	0.011273901	79.0	12480.564910650253
396	0.0	10.0	10.0	-10.0	271.18182	0.0044057122	1.4245955	12.844148	-12.656769	1588000	-0.011340785	-0.0024770491	13.781199	-0.0008716583	0.3815261	0.63855416	0.11340785	-7.2355724e-05	0.011604488	79.0	12504.89821267128
397	0.0	10.0	10.0	-10.0	256.3	-0.014613128	1.8285447	13.448653	-12.605192	1592000	-0.011291805	-0.002485264	13.771564	-0.00086069107	0.3815261	0.63855416	0.11291807	0.00014554361	0.011607714	79.0	12529.449301719666
398	0.0	10.0	10.0	-10.0	233.54546	-0.0063191405	1.7544719	12.601562	-12.623397	1596000	-0.01124496	-0.0024861165	13.763339	-0.0008702278	0.3815261	0.63855416	0.11244968	-3.7121154e-05	0.011563882	79.0	12553.31624674797
399	0.0	9.354143	10.0	-10.0	354.125	-0.011562551	1.7282856	14.0836315	-13.05772	1600000	-0.011201161	-0.0025051562	13.748477	-0.0008591016	0.32228914	0.6059237	0.112011634	-3.1597665e-05	0.012373936	79.0	12785.38595867157
